0.683750117678692	0.6854202331140761	0.16869748413613353	0.16873850267470664	0.1157575757575758	0.21529038171034476	3.0	0.0	2.0	0.0	0.0	-1.0694461640119157	0.0036363636363636364	0.06060606060606061	0.11757575757575757	0.38629595643467873	0.0	0.0	0.0	141
0.683750117678692	0.6854202331140761	0.22203139664652627	0.22208538324540428	0.15171717171717172	0.27941943158151133	3.0	0.0	2.0	0.0	0.0	-0.9215110608531861	0.0068686868686868695	0.0808080808080808	0.15474747474747474	0.38629595643467873	0.0	0.0	0.0	120
0.48926949305991313	0.4923299360854566	0.12171195550955921	0.12215154918491766	0.05878787878787882	0.15956918067315926	2.0	0.0	1.0	0.0	4294967295.0	-0.7976010493015054	0.0018181818181818182	0.030303030303030304	0.058787878787878785	0.19314797821733937		0.0		130
				0.0		1.0	0.0	0.0	0.0	4294967295.0		0.0	0.0	0.0	0.0		0.0		145
0.48926949305991313	0.4923299360854566	0.12171195550955921	0.12215154918491766	0.05878787878787882	0.15956918067315926	2.0	0.0	1.0	0.0	4294967295.0	-0.7976010493015054	0.0018181818181818182	0.030303030303030304	0.058787878787878785	0.19314797821733937		0.0		140
0.683750117678692	0.6854202331140761	0.8124725911229936	0.8126701426068775	0.5307070707070706	0.42218291165184635	4.0	0.0	2.0	0.0	1.0	0.7162270105290518	0.34282828282828287	0.45454545454545453	0.5662626262626262	0.38629595643467873	0.0	0.0	0.0	142
0.48926949305991313	0.4923299360854566	0.12171195550955921	0.12215154918491766	0.05878787878787882	0.15956918067315926	2.0	0.0	1.0	0.0	4294967295.0	-0.7976010493015054	0.0018181818181818182	0.030303030303030304	0.058787878787878785	0.19314797821733937		0.0		138
0.9450083143897742	0.9407041938880998	0.2296855549731816	0.22838277841975932	0.18989898989898996	0.28032395109112157	7.0	0.0	4.0	0.0	1.0	-1.3793971841538224	0.007272727272727273	0.12121212121212122	0.23515151515151514	0.7725919128693575	0.0	0.0	0.0	118
1.2100396725572446	1.1934377579838085	0.3147749486468855	0.31070271834768654	0.3426262626262626	0.3637328519202696	10.0	0.0	7.0	0.0	1.0	-1.565499780071566	0.015555555555555553	0.23232323232323235	0.44909090909090904	1.3520358475213754	0.0	0.0	0.0	127
1.0448862968084678	1.0367645284728637	0.3002448810064778	0.2977579924252683	0.2604040404040407	0.35654373953383345	10.0	0.0	5.0	0.0	3.0	-1.3578136218999175	0.013737373737373737	0.18181818181818182	0.3498989898989899	0.9657398910866968	0.0	0.0	0.0	144
0.48926949305991313	0.4923299360854566	0.27228344686159117	0.27326686776419723	0.1315151515151514	0.3406405913661059	2.0	0.0	1.0	0.0	4294967295.0	-0.36587057807955237	0.009898989898989899	0.0707070707070707	0.1315151515151515	0.19314797821733937		0.0		140
1.0448862968084678	1.0367645284728637	0.3978418024883756	0.39454653153348196	0.3939393939393941	0.44782236515968266	7.0	0.0	5.0	0.0	2.0	-1.107044056121017	0.04141414141414141	0.25252525252525254	0.4636363636363636	0.9657398910866968	0.0	0.0	0.0	146
0.48926949305991313	0.4923299360854566	0.12171195550955921	0.12215154918491766	0.05878787878787882	0.15956918067315926	2.0	0.0	1.0	0.0	4294967295.0	-0.7976010493015054	0.0018181818181818182	0.030303030303030304	0.058787878787878785	0.19314797821733937		0.0		114
0.9450083143897742	0.9407041938880998	0.2296855549731816	0.22838277841975932	0.20727272727272733	0.28032395109112157	6.0	0.0	4.0	0.0	1.0	-1.3793971841538224	0.007272727272727273	0.12121212121212122	0.23515151515151514	0.7725919128693575	0.0	0.0	0.0	117
0.9450083143897742	0.9407041938880998	0.4204982110376718	0.4181131450279271	0.38121212121212106	0.4875847447170041	6.0	0.0	4.0	0.0	1.0	-0.878001833663937	0.03414141414141414	0.23232323232323232	0.4305050505050505	0.7725919128693575	0.0	0.0	0.0	145
0.683750117678692	0.6854202331140761	0.22203139664652627	0.22208538324540428	0.15171717171717172	0.27941943158151133	3.0	0.0	2.0	0.0	0.0	-0.9215110608531861	0.0068686868686868695	0.0808080808080808	0.15474747474747474	0.38629595643467873	0.0	0.0	0.0	131
0.48926949305991313	0.4923299360854566	0.12171195550955921	0.12215154918491766	0.05878787878787882	0.15956918067315926	2.0	0.0	1.0	0.0	4294967295.0	-0.7976010493015054	0.0018181818181818182	0.030303030303030304	0.058787878787878785	0.19314797821733937		0.0		134
1.0448862968084678	1.0367645284728637	0.38484043639398424	0.38165285403238774	0.38101010101010113	0.43710891144772857	8.0	0.0	5.0	0.0	1.0	-1.1404503037825047	0.03636363636363636	0.24242424242424243	0.4484848484848485	0.9657398910866968	0.0	0.0	0.0	125
0.48926949305991313	0.4923299360854566	0.16060959077550083	0.16118967315123156	0.07757575757575756	0.2082321222968887	2.0	0.0	1.0	0.0	4294967295.0	-0.6860706775691675	0.0032323232323232323	0.04040404040404041	0.07757575757575758	0.19314797821733937		0.0		126
1.0448862968084678	1.0367645284728637	0.26834819618823763	0.26612550362258386	0.24262626262626272	0.3205465350616675	8.0	0.0	5.0	0.0	2.0	-1.4397702828294339	0.010505050505050503	0.16161616161616163	0.3127272727272727	0.9657398910866968	0.0	0.0	0.0	119
0.9450083143897742	0.9407041938880998	0.4098426956007717	0.40751806767855686	0.33414141414141413	0.4607452174848755	9.0	0.0	4.0	0.0	2.0	-0.9060011603717485	0.04505050505050505	0.23232323232323232	0.41959595959595963	0.7725919128693575	0.0	0.0	0.0	141
0.683750117678692	0.6854202331140761	0.19565429861149505	0.19570187165880923	0.13393939393939377	0.24811834771582283	3.0	0.0	2.0	0.0	0.0	-0.9946746173066883	0.00505050505050505	0.07070707070707072	0.13636363636363635	0.38629595643467873	0.0	0.0	0.0	131
0.683750117678692	0.6854202331140761	0.19565429861149505	0.19570187165880923	0.13393939393939377	0.24811834771582283	3.0	0.0	2.0	0.0	0.0	-0.9946746173066883	0.00505050505050505	0.07070707070707072	0.13636363636363635	0.38629595643467873	0.0	0.0	0.0	135
0.9450083143897742	0.9407041938880998	0.248036720447843	0.24662985607700813	0.2246464646464647	0.30169616722040915	6.0	0.0	4.0	0.0	1.0	-1.331176121490369	0.008686868686868686	0.13131313131313133	0.2539393939393939	0.7725919128693575	0.0	0.0	0.0	128
0.48926949305991313	0.4923299360854566	0.12171195550955921	0.12215154918491766	0.05878787878787882	0.15956918067315926	2.0	0.0	1.0	0.0	4294967295.0	-0.7976010493015054	0.0018181818181818182	0.030303030303030304	0.058787878787878785	0.19314797821733937		0.0		136
1.0448862968084678	1.0367645284728637	0.2844698901452829	0.28211366372394064	0.25919191919191936	0.33897367544622864	7.0	0.0	5.0	0.0	1.0	-1.3983465357291893	0.011919191919191918	0.17171717171717174	0.3315151515151515	0.9657398910866968	0.0	0.0	0.0	103
1.0448862968084678	1.0367645284728637	0.25222650223119236	0.25013734352122713	0.2757575757575758	0.3021193946771065	6.0	0.0	5.0	0.0	0.0	-1.4811940299296786	0.00909090909090909	0.15151515151515152	0.29393939393939394	0.9657398910866968	0.0	0.0	0.0	136
0.48926949305991313	0.4923299360854566	0.12171195550955921	0.12215154918491766	0.05878787878787882	0.15956918067315926	2.0	0.0	1.0	0.0	4294967295.0	-0.7976010493015054	0.0018181818181818182	0.030303030303030304	0.058787878787878785	0.19314797821733937		0.0		131
				0.0		1.0	0.0	0.0	0.0	4294967295.0		0.0	0.0	0.0	0.0		0.0		127
1.0448862968084678	1.0367645284728637	0.25222650223119236	0.25013734352122713	0.2757575757575758	0.3021193946771065	6.0	0.0	5.0	0.0	0.0	-1.4811940299296786	0.00909090909090909	0.15151515151515152	0.29393939393939394	0.9657398910866968	0.0	0.0	0.0	128
0.8277465128678779	0.8267906928265433	0.4470898633657682	0.4458202155290632	0.34282828282828287	0.49320789562645406	6.0	0.0	3.0	0.0	1.0	-0.5894696469360046	0.055353535353535356	0.22222222222222224	0.3890909090909091	0.579443934652018	0.0	0.0	0.0	117
0.8277465128678779	0.8267906928265433	0.6922232463949745	0.6902574676571477	0.5383838383838384	0.407224921086249	6.0	0.0	3.0	0.0	1.0	0.07116353348754678	0.3268686868686869	0.46464646464646464	0.6024242424242424	0.579443934652018	0.0	0.0	0.0	126
0.48926949305991313	0.4923299360854566	0.12171195550955921	0.12215154918491766	0.05878787878787882	0.15956918067315926	2.0	0.0	1.0	0.0	4294967295.0	-0.7976010493015054	0.0018181818181818182	0.030303030303030304	0.058787878787878785	0.19314797821733937		0.0		140
0.683750117678692	0.6854202331140761	0.19565429861149505	0.19570187165880923	0.13393939393939377	0.24811834771582283	3.0	0.0	2.0	0.0	0.0	-0.9946746173066883	0.00505050505050505	0.07070707070707072	0.13636363636363635	0.38629595643467873	0.0	0.0	0.0	145
0.9450083143897742	0.9407041938880998	0.2296855549731816	0.22838277841975932	0.22424242424242424	0.28032395109112157	5.0	0.0	4.0	0.0	0.0	-1.3793971841538224	0.007272727272727273	0.12121212121212122	0.23515151515151514	0.7725919128693575	0.0	0.0	0.0	145
1.2100396725572446	1.1934377579838085	0.5335456619439787	0.5266432041088992	0.555959595959596	0.5654300065265704	12.0	0.0	7.0	0.0	2.0	-1.0243530632177384	0.08727272727272725	0.4242424242424242	0.7612121212121212	1.3520358475213754	0.0	0.0	0.0	144
0.8277465128678779	0.8267906928265433	0.20265288199289494	0.2020773874127062	0.15333333333333338	0.2525749877118524	5.0	0.0	3.0	0.0	1.0	-1.2482260285515345	0.005454545454545455	0.09090909090909091	0.17636363636363636	0.579443934652018	0.0	0.0	0.0	140
0.683750117678692	0.6854202331140761	0.19565429861149505	0.19570187165880923	0.13393939393939377	0.24811834771582283	3.0	0.0	2.0	0.0	0.0	-0.9946746173066883	0.00505050505050505	0.07070707070707072	0.13636363636363635	0.38629595643467873	0.0	0.0	0.0	129
0.9450083143897742	0.9407041938880998	0.36544471461368755	0.36337191205618063	0.30484848484848504	0.42346809632914106	8.0	0.0	4.0	0.0	2.0	-1.022665021654297	0.029898989898989904	0.20202020202020202	0.3741414141414141	0.7725919128693575	0.0	0.0	0.0	120
1.2100396725572446	1.1934377579838085	0.2884375035509248	0.2847059996735211	0.3733333333333332	0.33457998587633386	8.0	0.0	7.0	0.0	0.0	-1.6306475401588227	0.012727272727272726	0.21212121212121213	0.4115151515151515	1.3520358475213754	0.0	0.0	0.0	142
0.48926949305991313	0.4923299360854566	0.3078350489863766	0.3089468735398605	0.1486868686868687	0.3802499624551881	2.0	0.0	1.0	0.0	4294967295.0	-0.2639342168188133	0.01292929292929293	0.08080808080808081	0.1486868686868687	0.19314797821733937		0.0		155
0.8277465128678779	0.8267906928265433	0.22424133333921706	0.22360453177625908	0.18848484848484837	0.27825045927594133	4.0	0.0	3.0	0.0	0.0	-1.1900452655028697	0.006868686868686868	0.10101010101010102	0.19515151515151513	0.579443934652018	0.0	0.0	0.0	125
0.8277465128678779	0.8267906928265433	0.24536551691465058	0.2446687267986603	0.18888888888888886	0.30273172286030536	5.0	0.0	3.0	0.0	1.0	-1.133115701659552	0.008686868686868687	0.1111111111111111	0.21353535353535352	0.579443934652018	0.0	0.0	0.0	146
0.8277465128678779	0.8267906928265433	0.477731536244419	0.4763748720450737	0.3682828282828283	0.512315223302055	5.0	0.0	3.0	0.0	1.0	-0.5068904993830609	0.06909090909090909	0.24242424242424243	0.4157575757575757	0.579443934652018	0.0	0.0	0.0	137
0.8277465128678779	0.8267906928265433	0.20265288199289494	0.2020773874127062	0.17090909090909082	0.2525749877118524	4.0	0.0	3.0	0.0	0.0	-1.2482260285515345	0.005454545454545455	0.09090909090909091	0.17636363636363636	0.579443934652018	0.0	0.0	0.0	130
1.0448862968084678	1.0367645284728637	0.25222650223119236	0.25013734352122713	0.22424242424242424	0.3021193946771065	5.0	0.0	5.0	0.0	0.0	-1.4811940299296786	0.00909090909090909	0.15151515151515152	0.29393939393939394	0.9657398910866968	0.25	1.0	0.4	132
0.9450083143897742	0.9407041938880998	0.28434440267728067	0.2827316011193069	0.27434343434343444	0.34344654291483157	5.0	0.0	4.0	0.0	0.0	-1.2357710082637516	0.011919191919191918	0.15151515151515152	0.2911111111111111	0.7725919128693575	0.0	0.0	0.0	109
0.8277465128678779	0.8267906928265433	0.26695396826097273	0.2661958711622132	0.20646464646464638	0.32840719442439437	5.0	0.0	3.0	0.0	1.0	-1.074934938610887	0.010101010101010102	0.12121212121212122	0.23232323232323232	0.579443934652018	0.0	0.0	0.0	125
0.8277465128678779	0.8267906928265433	0.22424133333921706	0.22360453177625908	0.18848484848484837	0.27825045927594133	4.0	0.0	3.0	0.0	0.0	-1.1900452655028697	0.006868686868686868	0.10101010101010102	0.19515151515151513	0.579443934652018	0.0	0.0	0.0	149
0.48926949305991313	0.4923299360854566	0.12171195550955921	0.12215154918491766	0.05878787878787882	0.15956918067315926	2.0	0.0	1.0	0.0	4294967295.0	-0.7976010493015054	0.0018181818181818182	0.030303030303030304	0.058787878787878785	0.19314797821733937		0.0		145
1.2100396725572446	1.1934377579838085	0.35343152128773114	0.3488591925307358	0.3426262626262626	0.40542823009938733	11.0	0.0	7.0	0.0	2.0	-1.4698796805886565	0.02101010101010101	0.26262626262626265	0.5042424242424243	1.3520358475213754	0.16666666666666666	1.0	0.2857142857142857	137
0.8277465128678779	0.8267906928265433	0.20265288199289494	0.2020773874127062	0.15333333333333338	0.2525749877118524	5.0	0.0	3.0	0.0	1.0	-1.2482260285515345	0.005454545454545455	0.09090909090909091	0.17636363636363636	0.579443934652018	0.0	0.0	0.0	120
1.0448862968084678	1.0367645284728637	0.3002448810064778	0.2977579924252683	0.3086868686868687	0.35654373953383345	7.0	0.0	5.0	0.0	1.0	-1.3578136218999175	0.013737373737373737	0.18181818181818182	0.3498989898989899	0.9657398910866968	0.0	0.0	0.0	134
0.683750117678692	0.6854202331140761	0.16869748413613353	0.16873850267470664	0.1157575757575758	0.21529038171034476	3.0	0.0	2.0	0.0	0.0	-1.0694461640119157	0.0036363636363636364	0.06060606060606061	0.11757575757575757	0.38629595643467873	0.0	0.0	0.0	128
0.683750117678692	0.6854202331140761	0.19565429861149505	0.19570187165880923	0.13393939393939377	0.24811834771582283	3.0	0.0	2.0	0.0	0.0	-0.9946746173066883	0.00505050505050505	0.07070707070707072	0.13636363636363635	0.38629595643467873	0.0	0.0	0.0	125
0.48926949305991313	0.4923299360854566	0.12171195550955921	0.12215154918491766	0.05878787878787882	0.15956918067315926	2.0	0.0	1.0	0.0	4294967295.0	-0.7976010493015054	0.0018181818181818182	0.030303030303030304	0.058787878787878785	0.19314797821733937		0.0		138
1.0448862968084678	1.0367645284728637	0.5041063013665343	0.49993085564242506	0.47232323232323237	0.5605278982094403	5.0	0.0	5.0	0.0	0.0	-0.8340036585677916	0.058989898989898995	0.3232323232323232	0.5874747474747475	0.9657398910866968	0.25	1.0	0.4	130
0.9450083143897742	0.9407041938880998	0.26599323720261925	0.26448452346205803	0.2577777777777779	0.32207432678554393	5.0	0.0	4.0	0.0	0.0	-1.283992070927205	0.010505050505050505	0.1414141414141414	0.2723232323232323	0.7725919128693575	0.0	0.0	0.0	117
0.8277465128678779	0.8267906928265433	0.22424133333921706	0.22360453177625908	0.18848484848484837	0.27825045927594133	4.0	0.0	3.0	0.0	0.0	-1.1900452655028697	0.006868686868686869	0.10101010101010102	0.19515151515151513	0.579443934652018	0.0	0.0	0.0	118
0.9450083143897742	0.9407041938880998	0.3198627874669479	0.3180485256172078	0.3062626262626263	0.38320880548094816	5.0	0.0	4.0	0.0	0.0	-1.142439919237713	0.01595959595959596	0.1717171717171717	0.3274747474747475	0.7725919128693575	0.0	0.0	0.0	135
0.48926949305991313	0.4923299360854566	0.12171195550955921	0.12215154918491766	0.05878787878787882	0.15956918067315926	2.0	0.0	1.0	0.0	4294967295.0	-0.7976010493015054	0.0018181818181818182	0.030303030303030304	0.058787878787878785	0.19314797821733937		0.0		146
1.1322512091154782	1.119995944426637	0.382599667388054	0.37850684608420637	0.4288888888888889	0.4385411027790755	8.0	0.0	6.0	0.0	1.0	-1.2834038548690727	0.028282828282828285	0.26262626262626265	0.49696969696969695	1.158887869304036	0.0	0.0	0.0	132
0.8277465128678779	0.8267906928265433	0.22424133333921706	0.22360453177625908	0.18848484848484837	0.27825045927594133	4.0	0.0	3.0	0.0	0.0	-1.1900452655028697	0.006868686868686868	0.10101010101010102	0.19515151515151513	0.579443934652018	0.0	0.0	0.0	142
0.683750117678692	0.6854202331140761	0.19565429861149505	0.19570187165880923	0.13393939393939377	0.24811834771582283	3.0	0.0	2.0	0.0	0.0	-0.9946746173066883	0.00505050505050505	0.07070707070707072	0.13636363636363635	0.38629595643467873	0.0	0.0	0.0	149
0.8277465128678779	0.8267906928265433	0.20265288199289494	0.2020773874127062	0.17090909090909082	0.2525749877118524	4.0	0.0	3.0	0.0	0.0	-1.2482260285515345	0.005454545454545455	0.09090909090909091	0.17636363636363636	0.579443934652018	0.0	0.0	0.0	136
0.8277465128678779	0.8267906928265433	0.24582978468553923	0.245131676139812	0.1531313131313131	0.3039259308400304	5.0	0.0	3.0	0.0	1.0	-1.1318645024542044	0.008282828282828282	0.11111111111111112	0.21393939393939393	0.579443934652018	0.0	0.0	0.0	152
0.8277465128678779	0.8267906928265433	0.6346540428047821	0.63285174935434	0.49474747474747477	0.5576951265316079	5.0	0.0	3.0	0.0	1.0	-0.08398516797555997	0.17494949494949497	0.36363636363636365	0.5523232323232323	0.579443934652018	0.0	0.0	0.0	148
0.48926949305991313	0.4923299360854566	0.12171195550955921	0.12215154918491766	0.05878787878787882	0.15956918067315926	2.0	0.0	1.0	0.0	4294967295.0	-0.7976010493015054	0.0018181818181818182	0.030303030303030304	0.058787878787878785	0.19314797821733937		0.0		152
0.48926949305991313	0.4923299360854566	0.12171195550955921	0.12215154918491766	0.05878787878787882	0.15956918067315926	2.0	0.0	1.0	0.0	4294967295.0	-0.7976010493015054	0.0018181818181818182	0.030303030303030304	0.058787878787878785	0.19314797821733937		0.0		144
1.0448862968084678	1.0367645284728637	0.25222650223119236	0.25013734352122713	0.24222222222222226	0.3021193946771065	7.0	0.0	5.0	0.0	1.0	-1.4811940299296786	0.00909090909090909	0.15151515151515152	0.29393939393939394	0.9657398910866968	0.0	0.0	0.0	122
0.9450083143897742	0.9407041938880998	0.2296855549731816	0.22838277841975932	0.22424242424242424	0.28032395109112157	5.0	0.0	4.0	0.0	0.0	-1.3793971841538224	0.007272727272727273	0.12121212121212122	0.23515151515151514	0.7725919128693575	0.0	0.0	0.0	144
0.8277465128678779	0.8267906928265433	0.3092023354118397	0.30832426120701567	0.2561616161616161	0.3773697215931222	4.0	0.0	3.0	0.0	0.0	-0.9610758109242523	0.013737373737373737	0.14141414141414144	0.2690909090909091	0.579443934652018	0.0	0.0	0.0	127
0.48926949305991313	0.4923299360854566	0.12171195550955921	0.12215154918491766	0.05878787878787882	0.15956918067315926	2.0	0.0	1.0	0.0	4294967295.0	-0.7976010493015054	0.0018181818181818182	0.030303030303030304	0.058787878787878785	0.19314797821733937		0.0		132
0.9450083143897742	0.9407041938880998	0.3019062707121717	0.3001938582321579	0.2903030303030303	0.3628306459158134	5.0	0.0	4.0	0.0	0.0	-1.189623969800877	0.01414141414141414	0.16161616161616163	0.3090909090909091	0.7725919128693575	0.0	0.0	0.0	119
0.9450083143897742	0.9407041938880998	0.5866453221093376	0.5833178696236637	0.47696969696969693	0.5084599325642155	7.0	0.0	4.0	0.0	2.0	-0.44141973944213403	0.18727272727272729	0.3939393939393939	0.6006060606060607	0.7725919128693575	0.3333333333333333	1.0	0.5	156
0.8277465128678779	0.8267906928265433	0.20265288199289494	0.2020773874127062	0.15333333333333338	0.2525749877118524	5.0	0.0	3.0	0.0	1.0	-1.2482260285515345	0.005454545454545455	0.09090909090909091	0.17636363636363636	0.579443934652018	0.0	0.0	0.0	130
				0.0		1.0	0.0	0.0	0.0	4294967295.0		0.0	0.0	0.0	0.0		0.0		122
1.2100396725572446	1.1934377579838085	0.30160622609890514	0.2977043590106038	0.37373737373737365	0.3491564188983017	9.0	0.0	7.0	0.0	1.0	-1.5980736601151946	0.01414141414141414	0.22222222222222224	0.43030303030303024	1.3520358475213754	0.0	0.0	0.0	140
0.8277465128678779	0.8267906928265433	0.22424133333921706	0.22360453177625908	0.15353535353535358	0.27825045927594133	6.0	0.0	3.0	0.0	1.0	-1.1900452655028697	0.006868686868686869	0.10101010101010102	0.19515151515151513	0.579443934652018	0.0	0.0	0.0	131
1.0448862968084678	1.0367645284728637	0.3167132780593735	0.31408998392665427	0.3248484848484849	0.37582795621535087	7.0	0.0	5.0	0.0	1.0	-1.3154990415286998	0.014747474747474747	0.19191919191919193	0.3690909090909091	0.9657398910866968	0.0	0.0	0.0	132
1.0448862968084678	1.0367645284728637	0.3156731687718222	0.3130584897265667	0.33939393939393914	0.3732567273244819	6.0	0.0	5.0	0.0	0.0	-1.3181715413416188	0.01595959595959596	0.19191919191919193	0.36787878787878786	0.9657398910866968	0.0	0.0	0.0	148
0.683750117678692	0.6854202331140761	0.32174262438334744	0.32182085561670853	0.2187878787878788	0.38935494564636824	3.0	0.0	2.0	0.0	0.0	-0.6449367375564312	0.018181818181818184	0.12121212121212122	0.22424242424242424	0.38629595643467873	0.0	0.0	0.0	125
0.8277465128678779	0.8267906928265433	0.22424133333921706	0.22360453177625908	0.18848484848484837	0.27825045927594133	4.0	0.0	3.0	0.0	0.0	-1.1900452655028697	0.006868686868686868	0.10101010101010102	0.19515151515151513	0.579443934652018	0.0	0.0	0.0	126
0.683750117678692	0.6854202331140761	0.16869748413613353	0.16873850267470664	0.1157575757575758	0.21529038171034476	3.0	0.0	2.0	0.0	0.0	-1.0694461640119157	0.0036363636363636364	0.06060606060606061	0.11757575757575757	0.38629595643467873	0.0	0.0	0.0	152
1.0448862968084678	1.0367645284728637	0.526815354144738	0.5224518123443362	0.534949494949495	0.5095318585405387	7.0	0.0	5.0	0.0	1.0	-0.7756540793190597	0.1335353535353536	0.3737373737373737	0.613939393939394	0.9657398910866968	0.0	0.0	0.0	115
0.9450083143897742	0.9407041938880998	0.2296855549731816	0.22838277841975932	0.18989898989898996	0.28032395109112157	7.0	0.0	4.0	0.0	1.0	-1.3793971841538224	0.007272727272727273	0.12121212121212122	0.23515151515151514	0.7725919128693575	0.0	0.0	0.0	142
0.9450083143897742	0.9407041938880998	0.2296855549731816	0.22838277841975932	0.22424242424242424	0.28032395109112157	5.0	0.0	4.0	0.0	0.0	-1.3793971841538224	0.007272727272727273	0.12121212121212122	0.23515151515151514	0.7725919128693575	0.0	0.0	0.0	124
0.8277465128678779	0.8267906928265433	0.22424133333921706	0.22360453177625908	0.18848484848484837	0.27825045927594133	4.0	0.0	3.0	0.0	0.0	-1.1900452655028697	0.006868686868686869	0.10101010101010102	0.19515151515151513	0.579443934652018	0.0	0.0	0.0	128
0.683750117678692	0.6854202331140761	0.16869748413613353	0.16873850267470664	0.1157575757575758	0.21529038171034476	3.0	0.0	2.0	0.0	0.0	-1.0694461640119157	0.0036363636363636364	0.06060606060606061	0.11757575757575757	0.38629595643467873	0.0	0.0	0.0	141
0.683750117678692	0.6854202331140761	0.16869748413613353	0.16873850267470664	0.1157575757575758	0.21529038171034476	3.0	0.0	2.0	0.0	0.0	-1.0694461640119157	0.0036363636363636364	0.06060606060606061	0.11757575757575757	0.38629595643467873	0.0	0.0	0.0	131
0.48926949305991313	0.4923299360854566	0.12171195550955921	0.12215154918491766	0.05878787878787882	0.15956918067315926	2.0	0.0	1.0	0.0	4294967295.0	-0.7976010493015054	0.0018181818181818182	0.030303030303030304	0.058787878787878785	0.19314797821733937		0.0		126
0.9450083143897742	0.9407041938880998	0.33900325038137974	0.33708042381885445	0.30767676767676755	0.40656913473854167	6.0	0.0	4.0	0.0	1.0	-1.092144832373681	0.016565656565656568	0.18181818181818182	0.3470707070707071	0.7725919128693575	0.0	0.0	0.0	161
0.48926949305991313	0.4923299360854566	0.12171195550955921	0.12215154918491766	0.05878787878787882	0.15956918067315926	2.0	0.0	1.0	0.0	4294967295.0	-0.7976010493015054	0.0018181818181818182	0.030303030303030304	0.058787878787878785	0.19314797821733937		0.0		111
0.8277465128678779	0.8267906928265433	0.24582978468553923	0.245131676139812	0.20585858585858574	0.3039259308400304	4.0	0.0	3.0	0.0	0.0	-1.1318645024542044	0.008282828282828282	0.11111111111111112	0.21393939393939393	0.579443934652018	0.0	0.0	0.0	130
0.48926949305991313	0.4923299360854566	0.12171195550955921	0.12215154918491766	0.05878787878787882	0.15956918067315926	2.0	0.0	1.0	0.0	4294967295.0	-0.7976010493015054	0.0018181818181818182	0.030303030303030304	0.058787878787878785	0.19314797821733937		0.0		135
0.48926949305991313	0.4923299360854566	0.6938836226472809	0.6963897597861801	0.33515151515151503	0.6892030569500284	2.0	0.0	1.0	0.0	4294967295.0	0.8429747413419162	0.0890909090909091	0.21212121212121213	0.33515151515151514	0.19314797821733937		0.0		125
0.683750117678692	0.6854202331140761	0.22203139664652627	0.22208538324540428	0.15171717171717172	0.27941943158151133	3.0	0.0	2.0	0.0	0.0	-0.9215110608531861	0.0068686868686868695	0.0808080808080808	0.15474747474747474	0.38629595643467873	0.0	0.0	0.0	117
0.683750117678692	0.6854202331140761	0.16869748413613353	0.16873850267470664	0.1157575757575758	0.21529038171034476	3.0	0.0	2.0	0.0	0.0	-1.0694461640119157	0.0036363636363636364	0.06060606060606061	0.11757575757575757	0.38629595643467873	0.0	0.0	0.0	151
0.683750117678692	0.6854202331140761	0.16869748413613353	0.16873850267470664	0.1157575757575758	0.21529038171034476	3.0	0.0	2.0	0.0	0.0	-1.0694461640119157	0.0036363636363636364	0.06060606060606061	0.11757575757575757	0.38629595643467873	0.0	0.0	0.0	132
0.8277465128678779	0.8267906928265433	0.22424133333921706	0.22360453177625908	0.18848484848484837	0.27825045927594133	4.0	0.0	3.0	0.0	0.0	-1.1900452655028697	0.006868686868686869	0.10101010101010102	0.19515151515151513	0.579443934652018	0.0	0.0	0.0	145
0.48926949305991313	0.4923299360854566	0.53327403187178	0.5352000866349486	0.25757575757575774	0.5941405663362314	2.0	0.0	1.0	0.0	4294967295.0	0.38246223870516627	0.045454545454545456	0.15151515151515152	0.25757575757575757	0.19314797821733937		0.0		143
0.48926949305991313	0.4923299360854566	0.12171195550955921	0.12215154918491766	0.05878787878787882	0.15956918067315926	2.0	0.0	1.0	0.0	4294967295.0	-0.7976010493015054	0.0018181818181818182	0.030303030303030304	0.058787878787878785	0.19314797821733937		0.0		122
0.9450083143897742	0.9407041938880998	0.5789496720715763	0.5756658693157852	0.5012121212121212	0.563630071874702	8.0	0.0	4.0	0.0	2.0	-0.46164147539777584	0.13454545454545455	0.36363636363636365	0.5927272727272728	0.7725919128693575	0.0	0.0	0.0	119
0.8277465128678779	0.8267906928265433	0.6030838343843541	0.6013711941560261	0.47373737373737373	0.5361993828965568	6.0	0.0	3.0	0.0	2.0	-0.16906671393919903	0.16202020202020204	0.3434343434343434	0.5248484848484849	0.579443934652018	0.0	0.0	0.0	135
0.9450083143897742	0.9407041938880998	0.248036720447843	0.24662985607700813	0.24121212121212113	0.30169616722040915	5.0	0.0	4.0	0.0	0.0	-1.331176121490369	0.008686868686868686	0.13131313131313133	0.2539393939393939	0.7725919128693575	0.0	0.0	0.0	139
0.683750117678692	0.6854202331140761	0.16869748413613353	0.16873850267470664	0.1157575757575758	0.21529038171034476	3.0	0.0	2.0	0.0	0.0	-1.0694461640119157	0.0036363636363636364	0.06060606060606061	0.11757575757575757	0.38629595643467873	0.0	0.0	0.0	117
0.9450083143897742	0.9407041938880998	0.248036720447843	0.24662985607700813	0.24121212121212113	0.30169616722040915	5.0	0.0	4.0	0.0	0.0	-1.331176121490369	0.008686868686868687	0.13131313131313133	0.2539393939393939	0.7725919128693575	0.0	0.0	0.0	155
1.0448862968084678	1.0367645284728637	0.3002448810064778	0.2977579924252683	0.3086868686868687	0.35654373953383345	7.0	0.0	5.0	0.0	1.0	-1.3578136218999175	0.013737373737373736	0.18181818181818182	0.3498989898989899	0.9657398910866968	0.0	0.0	0.0	139
0.48926949305991313	0.4923299360854566	0.7407280866234686	0.7434034144552892	0.35777777777777786	0.7027834127519993	2.0	0.0	1.0	0.0	4294967295.0	0.9772908879443014	0.10686868686868686	0.23232323232323232	0.35777777777777775	0.19314797821733937		0.0		100
0.8277465128678779	0.8267906928265433	0.20265288199289494	0.2020773874127062	0.15333333333333338	0.2525749877118524	5.0	0.0	3.0	0.0	1.0	-1.2482260285515345	0.005454545454545455	0.09090909090909091	0.17636363636363636	0.579443934652018	0.0	0.0	0.0	138
0.8277465128678779	0.8267906928265433	0.20265288199289494	0.2020773874127062	0.15333333333333338	0.2525749877118524	5.0	0.0	3.0	0.0	1.0	-1.2482260285515345	0.005454545454545455	0.09090909090909091	0.17636363636363636	0.579443934652018	0.0	0.0	0.0	128
				0.0		1.0	0.0	0.0	0.0	4294967295.0		0.0	0.0	0.0	0.0		0.0		122
				0.0		1.0	0.0	0.0	0.0	4294967295.0		0.0	0.0	0.0	0.0		0.0		166
0.8277465128678779	0.8267906928265433	0.24582978468553923	0.245131676139812	0.20585858585858574	0.3039259308400304	4.0	0.0	3.0	0.0	0.0	-1.1318645024542044	0.008282828282828282	0.11111111111111112	0.21393939393939393	0.579443934652018	0.0	0.0	0.0	125
0.8277465128678779	0.8267906928265433	0.34680802485382023	0.3458231578403014	0.2555555555555558	0.4143901689645994	6.0	0.0	3.0	0.0	2.0	-0.8597286752910939	0.021414141414141413	0.16161616161616163	0.3018181818181818	0.579443934652018	0.0	0.0	0.0	119
0.8277465128678779	0.8267906928265433	0.20265288199289494	0.2020773874127062	0.17090909090909082	0.2525749877118524	4.0	0.0	3.0	0.0	0.0	-1.2482260285515345	0.005454545454545455	0.09090909090909091	0.17636363636363636	0.579443934652018	0.0	0.0	0.0	130
0.48926949305991313	0.4923299360854566	0.12171195550955921	0.12215154918491766	0.05878787878787882	0.15956918067315926	2.0	0.0	1.0	0.0	4294967295.0	-0.7976010493015054	0.0018181818181818182	0.030303030303030304	0.058787878787878785	0.19314797821733937		0.0		155
0.48926949305991313	0.4923299360854566	0.12171195550955921	0.12215154918491766	0.05878787878787882	0.15956918067315926	2.0	0.0	1.0	0.0	4294967295.0	-0.7976010493015054	0.0018181818181818182	0.030303030303030304	0.058787878787878785	0.19314797821733937		0.0		118
				0.0		1.0	0.0	0.0	0.0	4294967295.0		0.0	0.0	0.0	0.0		0.0		107
0.8277465128678779	0.8267906928265433	0.3059524610156192	0.30508361581895393	0.25474747474747483	0.3690102657350467	4.0	0.0	3.0	0.0	0.0	-0.9698342053616857	0.016565656565656565	0.14141414141414144	0.26626262626262626	0.579443934652018	0.0	0.0	0.0	116
1.1322512091154782	1.119995944426637	0.3001696577475383	0.2969586231473651	0.325858585858586	0.3515889875728795	8.0	0.0	6.0	0.0	1.0	-1.4910049813247663	0.01414141414141414	0.20202020202020202	0.38989898989898986	1.158887869304036	0.0	0.0	0.0	137
1.1322512091154782	1.119995944426637	0.27155244685347246	0.26864754197683915	0.3096969696969698	0.3198325628888775	8.0	0.0	6.0	0.0	1.0	-1.5630778252263655	0.010909090909090908	0.18181818181818182	0.3527272727272727	1.158887869304036	0.0	0.0	0.0	149
1.0448862968084678	1.0367645284728637	0.2683481961882377	0.2661255036225839	0.2430303030303032	0.32054653506166764	9.0	0.0	5.0	0.0	3.0	-1.4397702828294339	0.010505050505050505	0.16161616161616163	0.31272727272727274	0.9657398910866968	0.0	0.0	0.0	112
0.48926949305991313	0.4923299360854566	0.12171195550955921	0.12215154918491766	0.05878787878787882	0.15956918067315926	2.0	0.0	1.0	0.0	4294967295.0	-0.7976010493015054	0.0018181818181818182	0.030303030303030304	0.058787878787878785	0.19314797821733937		0.0		131
0.48926949305991313	0.4923299360854566	0.12171195550955921	0.12215154918491766	0.05878787878787882	0.15956918067315926	2.0	0.0	1.0	0.0	4294967295.0	-0.7976010493015054	0.0018181818181818182	0.030303030303030304	0.058787878787878785	0.19314797821733937		0.0		124
1.2100396725572446	1.1934377579838085	0.3668834421700767	0.36213708647721815	0.38969696969696976	0.4206826367502841	12.0	0.0	7.0	0.0	3.0	-1.4366052869957027	0.022020202020202023	0.2727272727272727	0.5234343434343435	1.3520358475213754	0.0	0.0	0.0	138
1.0448862968084678	1.0367645284728637	0.26834819618823763	0.26612550362258386	0.29212121212121217	0.3205465350616675	6.0	0.0	5.0	0.0	0.0	-1.4397702828294339	0.010505050505050503	0.16161616161616163	0.3127272727272727	0.9657398910866968	0.0	0.0	0.0	148
0.683750117678692	0.6854202331140761	0.16869748413613353	0.16873850267470664	0.1157575757575758	0.21529038171034476	3.0	0.0	2.0	0.0	0.0	-1.0694461640119157	0.0036363636363636364	0.06060606060606061	0.11757575757575757	0.38629595643467873	0.0	0.0	0.0	121
0.9450083143897742	0.9407041938880998	0.2296855549731816	0.22838277841975932	0.22424242424242424	0.28032395109112157	5.0	0.0	4.0	0.0	0.0	-1.3793971841538224	0.007272727272727273	0.12121212121212122	0.23515151515151514	0.7725919128693575	0.0	0.0	0.0	142
0.683750117678692	0.6854202331140761	0.16869748413613353	0.16873850267470664	0.1157575757575758	0.21529038171034476	3.0	0.0	2.0	0.0	0.0	-1.0694461640119157	0.0036363636363636364	0.06060606060606061	0.11757575757575757	0.38629595643467873	0.0	0.0	0.0	129
0.683750117678692	0.6854202331140761	0.16869748413613353	0.16873850267470664	0.05878787878787882	0.21529038171034476	2.0	0.0	2.0	0.0	0.0	-1.0694461640119157	0.0036363636363636364	0.06060606060606061	0.11757575757575757	0.38629595643467873	1.0	1.0	1.0	126
0.9450083143897742	0.9407041938880998	0.248036720447843	0.24662985607700813	0.24121212121212113	0.30169616722040915	5.0	0.0	4.0	0.0	0.0	-1.331176121490369	0.008686868686868686	0.13131313131313133	0.2539393939393939	0.7725919128693575	0.0	0.0	0.0	131
0.8277465128678779	0.8267906928265433	0.6142262608856816	0.6124819783436662	0.49393939393939396	0.5648603744099584	4.0	0.0	3.0	0.0	0.0	-0.13903793301085593	0.15232323232323233	0.3434343434343434	0.5345454545454545	0.579443934652018	0.0	0.0	0.0	133
0.683750117678692	0.6854202331140761	0.2478287782412271	0.24788903743449173	0.169090909090909	0.30919363330741007	3.0	0.0	2.0	0.0	0.0	-0.8499554946514094	0.00909090909090909	0.09090909090909091	0.17272727272727273	0.38629595643467873	0.0	0.0	0.0	121
0.683750117678692	0.6854202331140761	0.19565429861149505	0.19570187165880923	0.13393939393939377	0.24811834771582283	3.0	0.0	2.0	0.0	0.0	-0.9946746173066883	0.00505050505050505	0.07070707070707072	0.13636363636363635	0.38629595643467873	0.0	0.0	0.0	124
				0.0		1.0	0.0	0.0	0.0	4294967295.0		0.0	0.0	0.0	0.0		0.0		129
0.8277465128678779	0.8267906928265433	0.20265288199289494	0.2020773874127062	0.17090909090909082	0.2525749877118524	4.0	0.0	3.0	0.0	0.0	-1.2482260285515345	0.005454545454545455	0.09090909090909091	0.17636363636363636	0.579443934652018	0.0	0.0	0.0	150
0.48926949305991313	0.4923299360854566	0.12171195550955921	0.12215154918491766	0.05878787878787882	0.15956918067315926	2.0	0.0	1.0	0.0	4294967295.0	-0.7976010493015054	0.0018181818181818182	0.030303030303030304	0.058787878787878785	0.19314797821733937		0.0		128
1.2100396725572446	1.1934377579838085	0.3525819262846356	0.3480205887025368	0.37353535353535366	0.40339430921260094	12.0	0.0	7.0	0.0	2.0	-1.4719812212366328	0.022222222222222223	0.26262626262626265	0.5030303030303029	1.3520358475213754	0.0	0.0	0.0	132
0.8277465128678779	0.8267906928265433	0.22424133333921706	0.22360453177625908	0.1713131313131313	0.27825045927594133	5.0	0.0	3.0	0.0	1.0	-1.1900452655028697	0.006868686868686868	0.10101010101010102	0.19515151515151513	0.579443934652018	0.0	0.0	0.0	134
0.9450083143897742	0.9407041938880998	0.248036720447843	0.24662985607700813	0.24121212121212113	0.30169616722040915	5.0	0.0	4.0	0.0	0.0	-1.331176121490369	0.008686868686868687	0.13131313131313133	0.2539393939393939	0.7725919128693575	0.0	0.0	0.0	140
0.683750117678692	0.6854202331140761	0.19565429861149505	0.19570187165880923	0.13393939393939377	0.24811834771582283	3.0	0.0	2.0	0.0	0.0	-0.9946746173066883	0.00505050505050505	0.07070707070707072	0.13636363636363635	0.38629595643467873	0.0	0.0	0.0	147
0.48926949305991313	0.4923299360854566	0.12171195550955921	0.12215154918491766	0.05878787878787882	0.15956918067315926	2.0	0.0	1.0	0.0	4294967295.0	-0.7976010493015054	0.0018181818181818182	0.030303030303030304	0.058787878787878785	0.19314797821733937		0.0		122
0.9450083143897742	0.9407041938880998	0.2296855549731816	0.22838277841975932	0.19010101010101027	0.28032395109112157	7.0	0.0	4.0	0.0	2.0	-1.3793971841538224	0.007272727272727273	0.12121212121212122	0.23515151515151514	0.7725919128693575	0.0	0.0	0.0	132
0.683750117678692	0.6854202331140761	0.16869748413613353	0.16873850267470664	0.1157575757575758	0.21529038171034476	3.0	0.0	2.0	0.0	0.0	-1.0694461640119157	0.0036363636363636364	0.06060606060606061	0.11757575757575757	0.38629595643467873	0.0	0.0	0.0	125
0.683750117678692	0.6854202331140761	0.19565429861149505	0.19570187165880923	0.13393939393939377	0.24811834771582283	3.0	0.0	2.0	0.0	0.0	-0.9946746173066883	0.00505050505050505	0.07070707070707072	0.13636363636363635	0.38629595643467873	0.0	0.0	0.0	149
0.683750117678692	0.6854202331140761	0.19565429861149505	0.19570187165880923	0.13393939393939377	0.24811834771582283	3.0	0.0	2.0	0.0	0.0	-0.9946746173066883	0.00505050505050505	0.07070707070707072	0.13636363636363635	0.38629595643467873	0.0	0.0	0.0	149
0.683750117678692	0.6854202331140761	0.16869748413613353	0.16873850267470664	0.1157575757575758	0.21529038171034476	3.0	0.0	2.0	0.0	0.0	-1.0694461640119157	0.0036363636363636364	0.06060606060606061	0.11757575757575757	0.38629595643467873	0.0	0.0	0.0	137
1.1322512091154782	1.119995944426637	0.27155244685347246	0.26864754197683915	0.3254545454545455	0.3198325628888775	7.0	0.0	6.0	0.0	0.0	-1.5630778252263655	0.010909090909090908	0.18181818181818182	0.3527272727272727	1.158887869304036	0.0	0.0	0.0	132
1.0448862968084678	1.0367645284728637	0.26834819618823763	0.26612550362258386	0.2246464646464647	0.3205465350616675	6.0	0.0	5.0	0.0	1.0	-1.4397702828294339	0.010505050505050505	0.16161616161616163	0.3127272727272727	0.9657398910866968	0.0	0.0	0.0	127
0.683750117678692	0.6854202331140761	0.22261111308685663	0.22266524064291188	0.1519191919191918	0.28094631372130097	3.0	0.0	2.0	0.0	0.0	-0.9199030706014608	0.006464646464646465	0.08080808080808081	0.15515151515151515	0.38629595643467873	0.0	0.0	0.0	150
0.8277465128678779	0.8267906928265433	0.24536551691465058	0.2446687267986603	0.20565656565656568	0.30273172286030536	4.0	0.0	3.0	0.0	0.0	-1.133115701659552	0.008686868686868687	0.1111111111111111	0.21353535353535352	0.579443934652018	0.0	0.0	0.0	145
0.9450083143897742	0.9407041938880998	0.43174569955439973	0.4292968377855957	0.37777777777777793	0.4910639426915392	7.0	0.0	4.0	0.0	1.0	-0.8484469888056916	0.04282828282828282	0.24242424242424243	0.442020202020202	0.7725919128693575	0.0	0.0	0.0	135
0.8277465128678779	0.8267906928265433	0.20265288199289494	0.2020773874127062	0.17090909090909082	0.2525749877118524	4.0	0.0	3.0	0.0	0.0	-1.2482260285515345	0.005454545454545455	0.09090909090909091	0.17636363636363636	0.579443934652018	0.0	0.0	0.0	126
0.48926949305991313	0.4923299360854566	0.12171195550955921	0.12215154918491766	0.05878787878787882	0.15956918067315926	2.0	0.0	1.0	0.0	4294967295.0	-0.7976010493015054	0.0018181818181818182	0.030303030303030304	0.058787878787878785	0.19314797821733937		0.0		120
0.8277465128678779	0.8267906928265433	0.22424133333921706	0.22360453177625908	0.18848484848484837	0.27825045927594133	4.0	0.0	3.0	0.0	0.0	-1.1900452655028697	0.006868686868686868	0.10101010101010102	0.19515151515151513	0.579443934652018	0.0	0.0	0.0	122
0.48926949305991313	0.4923299360854566	0.16060959077550083	0.16118967315123156	0.07757575757575756	0.2082321222968887	2.0	0.0	1.0	0.0	4294967295.0	-0.6860706775691675	0.0032323232323232323	0.04040404040404041	0.07757575757575758	0.19314797821733937		0.0		109
0.8277465128678779	0.8267906928265433	0.43107262527010987	0.42984846325933035	0.32929292929292925	0.4818629198190658	6.0	0.0	3.0	0.0	2.0	-0.6326360195204981	0.04909090909090909	0.21212121212121213	0.3751515151515151	0.579443934652018	0.0	0.0	0.0	130
0.683750117678692	0.6854202331140761	0.16869748413613353	0.16873850267470664	0.1157575757575758	0.21529038171034476	3.0	0.0	2.0	0.0	0.0	-1.0694461640119157	0.0036363636363636364	0.06060606060606061	0.11757575757575757	0.38629595643467873	0.0	0.0	0.0	126
				0.0		1.0	0.0	0.0	0.0	4294967295.0		0.0	0.0	0.0	0.0		0.0		129
0.683750117678692	0.6854202331140761	0.16869748413613353	0.16873850267470664	0.1157575757575758	0.21529038171034476	3.0	0.0	2.0	0.0	0.0	-1.0694461640119157	0.0036363636363636364	0.06060606060606061	0.11757575757575757	0.38629595643467873	0.0	0.0	0.0	140
0.9450083143897742	0.9407041938880998	0.2296855549731816	0.22838277841975932	0.22424242424242424	0.28032395109112157	5.0	0.0	4.0	0.0	0.0	-1.3793971841538224	0.007272727272727273	0.12121212121212122	0.23515151515151514	0.7725919128693575	0.0	0.0	0.0	144
0.683750117678692	0.6854202331140761	0.32174262438334744	0.32182085561670853	0.2187878787878788	0.38935494564636824	3.0	0.0	2.0	0.0	0.0	-0.6449367375564312	0.018181818181818184	0.12121212121212122	0.22424242424242424	0.38629595643467873	0.0	0.0	0.0	129
0.683750117678692	0.6854202331140761	0.16869748413613353	0.16873850267470664	0.1157575757575758	0.21529038171034476	3.0	0.0	2.0	0.0	0.0	-1.0694461640119157	0.0036363636363636364	0.06060606060606061	0.11757575757575757	0.38629595643467873	0.0	0.0	0.0	131
0.683750117678692	0.6854202331140761	0.19565429861149505	0.19570187165880923	0.13393939393939377	0.24811834771582283	3.0	0.0	2.0	0.0	0.0	-0.9946746173066883	0.00505050505050505	0.07070707070707072	0.13636363636363635	0.38629595643467873	0.0	0.0	0.0	123
0.683750117678692	0.6854202331140761	0.16869748413613353	0.16873850267470664	0.1157575757575758	0.21529038171034476	3.0	0.0	2.0	0.0	0.0	-1.0694461640119157	0.0036363636363636364	0.06060606060606061	0.11757575757575757	0.38629595643467873	0.0	0.0	0.0	134
0.683750117678692	0.6854202331140761	0.16869748413613353	0.16873850267470664	0.1157575757575758	0.21529038171034476	3.0	0.0	2.0	0.0	0.0	-1.0694461640119157	0.0036363636363636364	0.06060606060606061	0.11757575757575757	0.38629595643467873	0.0	0.0	0.0	117
0.8277465128678779	0.8267906928265433	0.24536551691465058	0.2446687267986603	0.20565656565656568	0.30273172286030536	4.0	0.0	3.0	0.0	0.0	-1.133115701659552	0.008686868686868687	0.1111111111111111	0.21353535353535352	0.579443934652018	0.0	0.0	0.0	137
0.48926949305991313	0.4923299360854566	0.12171195550955921	0.12215154918491766	0.05878787878787882	0.15956918067315926	2.0	0.0	1.0	0.0	4294967295.0	-0.7976010493015054	0.0018181818181818182	0.030303030303030304	0.058787878787878785	0.19314797821733937		0.0		128
0.9450083143897742	0.9407041938880998	0.28434440267728067	0.2827316011193069	0.2418181818181818	0.34344654291483157	7.0	0.0	4.0	0.0	2.0	-1.2357710082637516	0.01191919191919192	0.15151515151515152	0.2911111111111111	0.7725919128693575	0.0	0.0	0.0	130
0.9450083143897742	0.9407041938880998	0.5519162347594407	0.5487857656701607	0.46484848484848507	0.5203886113340503	7.0	0.0	4.0	0.0	1.0	-0.532676804267594	0.14202020202020202	0.3535353535353536	0.5650505050505051	0.7725919128693575	0.0	0.0	0.0	124
0.9450083143897742	0.9407041938880998	0.3198627874669479	0.3180485256172078	0.2907070707070708	0.38320880548094816	6.0	0.0	4.0	0.0	1.0	-1.142439919237713	0.015959595959595962	0.1717171717171717	0.3274747474747475	0.7725919128693575	0.0	0.0	0.0	128
0.9450083143897742	0.9407041938880998	0.26599323720261925	0.26448452346205803	0.2577777777777779	0.32207432678554393	5.0	0.0	4.0	0.0	0.0	-1.283992070927205	0.010505050505050507	0.1414141414141414	0.2723232323232323	0.7725919128693575	0.0	0.0	0.0	124
0.9450083143897742	0.9407041938880998	0.5757924823124948	0.5725265871381939	0.4820202020202021	0.6053804475691245	7.0	0.0	4.0	0.0	1.0	-0.4699375722000904	0.09737373737373738	0.3434343434343434	0.5894949494949495	0.7725919128693575	0.0	0.0	0.0	129
1.0448862968084678	1.0367645284728637	0.9527401073969989	0.9448486872801817	0.7707070707070708	0.598239255275519	10.0	0.0	5.0	0.0	1.0	0.31873459407127497	0.5462626262626262	0.8282828282828282	1.1103030303030303	0.9657398910866968	0.0	0.0	0.0	141
0.9450083143897742	0.9407041938880998	0.248036720447843	0.24662985607700813	0.24121212121212113	0.30169616722040915	5.0	0.0	4.0	0.0	0.0	-1.331176121490369	0.008686868686868687	0.13131313131313133	0.2539393939393939	0.7725919128693575	0.0	0.0	0.0	139
0.8277465128678779	0.8267906928265433	0.20265288199289494	0.2020773874127062	0.17090909090909082	0.2525749877118524	4.0	0.0	3.0	0.0	0.0	-1.2482260285515345	0.005454545454545455	0.09090909090909091	0.17636363636363636	0.579443934652018	0.0	0.0	0.0	124
0.8277465128678779	0.8267906928265433	0.34402241822848834	0.3430454617933913	0.28545454545454557	0.4072249210862489	4.0	0.0	3.0	0.0	0.0	-0.8672358705231797	0.023838383838383843	0.16161616161616163	0.2993939393939394	0.579443934652018	0.0	0.0	0.0	147
0.683750117678692	0.6854202331140761	0.16869748413613353	0.16873850267470664	0.1157575757575758	0.21529038171034476	3.0	0.0	2.0	0.0	0.0	-1.0694461640119157	0.0036363636363636364	0.06060606060606061	0.11757575757575757	0.38629595643467873	0.0	0.0	0.0	142
0.683750117678692	0.6854202331140761	0.16869748413613353	0.16873850267470664	0.1157575757575758	0.21529038171034476	3.0	0.0	2.0	0.0	0.0	-1.0694461640119157	0.0036363636363636364	0.06060606060606061	0.11757575757575757	0.38629595643467873	0.0	0.0	0.0	134
0.8277465128678779	0.8267906928265433	0.22424133333921706	0.22360453177625908	0.1713131313131313	0.27825045927594133	5.0	0.0	3.0	0.0	1.0	-1.1900452655028697	0.006868686868686869	0.10101010101010102	0.19515151515151513	0.579443934652018	0.0	0.0	0.0	125
0.8277465128678779	0.8267906928265433	0.24536551691465058	0.2446687267986603	0.20565656565656568	0.30273172286030536	4.0	0.0	3.0	0.0	0.0	-1.133115701659552	0.008686868686868687	0.1111111111111111	0.21353535353535352	0.579443934652018	0.0	0.0	0.0	130
0.683750117678692	0.6854202331140761	0.19565429861149505	0.19570187165880923	0.13393939393939377	0.24811834771582283	3.0	0.0	2.0	0.0	0.0	-0.9946746173066883	0.00505050505050505	0.07070707070707072	0.13636363636363635	0.38629595643467873	0.0	0.0	0.0	137
0.683750117678692	0.6854202331140761	0.16869748413613353	0.16873850267470664	0.1157575757575758	0.21529038171034476	3.0	0.0	2.0	0.0	0.0	-1.0694461640119157	0.0036363636363636364	0.06060606060606061	0.11757575757575757	0.38629595643467873	0.0	0.0	0.0	114
0.48926949305991313	0.4923299360854566	0.16060959077550083	0.16118967315123156	0.07757575757575756	0.2082321222968887	2.0	0.0	1.0	0.0	4294967295.0	-0.6860706775691675	0.0032323232323232323	0.04040404040404041	0.07757575757575758	0.19314797821733937		0.0		118
0.683750117678692	0.6854202331140761	0.16869748413613353	0.16873850267470664	0.09757575757575772	0.21529038171034476	4.0	0.0	2.0	0.0	1.0	-1.0694461640119157	0.0036363636363636364	0.06060606060606061	0.11757575757575757	0.38629595643467873	0.0	0.0	0.0	147
0.683750117678692	0.6854202331140761	0.16869748413613353	0.16873850267470664	0.1157575757575758	0.21529038171034476	3.0	0.0	2.0	0.0	0.0	-1.0694461640119157	0.0036363636363636364	0.06060606060606061	0.11757575757575757	0.38629595643467873	0.0	0.0	0.0	153
0.683750117678692	0.6854202331140761	0.16869748413613353	0.16873850267470664	0.1157575757575758	0.21529038171034476	3.0	0.0	2.0	0.0	0.0	-1.0694461640119157	0.0036363636363636364	0.06060606060606061	0.11757575757575757	0.38629595643467873	0.0	0.0	0.0	95
0.8277465128678779	0.8267906928265433	0.2880781518364062	0.28726006618461447	0.2395959595959597	0.3528884580087584	4.0	0.0	3.0	0.0	0.0	-1.0180053747675697	0.01191919191919192	0.1313131313131313	0.2507070707070707	0.579443934652018	0.0	0.0	0.0	128
1.0448862968084678	1.0367645284728637	0.2844698901452829	0.28211366372394064	0.29232323232323243	0.33897367544622864	7.0	0.0	5.0	0.0	1.0	-1.3983465357291893	0.011919191919191918	0.17171717171717174	0.3315151515151515	0.9657398910866968	0.0	0.0	0.0	148
0.9450083143897742	0.9407041938880998	0.5126486871308642	0.5097409435863701	0.4406060606060608	-0.9950506207170663	8.0	0.0	4.0	0.0	1.0	-0.6358595082463812	1.3337373737373737	0.9292929292929293	0.5248484848484849	0.7725919128693575	0.0	0.0	0.0	132
				0.0		1.0	0.0	0.0	0.0	4294967295.0		0.0	0.0	0.0	0.0		0.0		150
0.683750117678692	0.6854202331140761	0.16869748413613353	0.16873850267470664	0.1157575757575758	0.21529038171034476	3.0	0.0	2.0	0.0	0.0	-1.0694461640119157	0.0036363636363636364	0.06060606060606061	0.11757575757575757	0.38629595643467873	0.0	0.0	0.0	143
0.9450083143897742	0.9407041938880998	0.248036720447843	0.24662985607700813	0.2246464646464647	0.30169616722040915	6.0	0.0	4.0	0.0	1.0	-1.331176121490369	0.008686868686868687	0.13131313131313133	0.2539393939393939	0.7725919128693575	0.0	0.0	0.0	130
0.8277465128678779	0.8267906928265433	0.20265288199289494	0.2020773874127062	0.1349494949494949	0.2525749877118524	5.0	0.0	3.0	0.0	1.0	-1.2482260285515345	0.005454545454545455	0.09090909090909091	0.17636363636363636	0.579443934652018	0.0	0.0	0.0	153
0.683750117678692	0.6854202331140761	0.16869748413613353	0.16873850267470664	0.1157575757575758	0.21529038171034476	3.0	0.0	2.0	0.0	0.0	-1.0694461640119157	0.0036363636363636364	0.06060606060606061	0.11757575757575757	0.38629595643467873	0.0	0.0	0.0	122
0.8277465128678779	0.8267906928265433	0.20265288199289494	0.2020773874127062	0.17090909090909082	0.2525749877118524	4.0	0.0	3.0	0.0	0.0	-1.2482260285515345	0.005454545454545455	0.09090909090909091	0.17636363636363636	0.579443934652018	0.0	0.0	0.0	154
0.8277465128678779	0.8267906928265433	0.22424133333921706	0.22360453177625908	0.18848484848484837	0.27825045927594133	4.0	0.0	3.0	0.0	0.0	-1.1900452655028697	0.006868686868686868	0.10101010101010102	0.19515151515151513	0.579443934652018	0.0	0.0	0.0	157
0.683750117678692	0.6854202331140761	0.22203139664652627	0.22208538324540428	0.15171717171717172	0.27941943158151133	3.0	0.0	2.0	0.0	0.0	-0.9215110608531861	0.0068686868686868695	0.0808080808080808	0.15474747474747474	0.38629595643467873	0.0	0.0	0.0	113
0.48926949305991313	0.4923299360854566	0.12171195550955921	0.12215154918491766	0.05878787878787882	0.15956918067315926	2.0	0.0	1.0	0.0	4294967295.0	-0.7976010493015054	0.0018181818181818182	0.030303030303030304	0.058787878787878785	0.19314797821733937		0.0		148
