0.683750117678692	0.6854202331140761	0.22203139664652627	0.22208538324540428	0.15171717171717172	0.27941943158151133	3.0	0.0	2.0	0.0	0.0	-0.9215110608531861	0.0068686868686868695	0.0808080808080808	0.15474747474747474	0.38629595643467873	0.0	0.0	0.0	118
1.0448862968084678	1.0367645284728637	0.26834819618823763	0.26612550362258386	0.27595959595959607	0.3205465350616675	7.0	0.0	5.0	0.0	1.0	-1.4397702828294339	0.010505050505050503	0.16161616161616163	0.3127272727272727	0.9657398910866968	0.0	0.0	0.0	91
0.48926949305991313	0.4923299360854566	0.12171195550955921	0.12215154918491766	0.05878787878787882	0.15956918067315926	2.0	0.0	1.0	0.0	4294967295.0	-0.7976010493015054	0.0018181818181818182	0.030303030303030304	0.058787878787878785	0.19314797821733937		0.0		107
0.9450083143897742	0.9407041938880998	0.2296855549731816	0.22838277841975932	0.22424242424242424	0.28032395109112157	5.0	0.0	4.0	0.0	0.0	-1.3793971841538224	0.007272727272727273	0.12121212121212122	0.23515151515151514	0.7725919128693575	0.0	0.0	0.0	92
0.48926949305991313	0.4923299360854566	0.44167637463262727	0.4432716011658868	0.2133333333333334	0.5160535204748982	2.0	0.0	1.0	0.0	4294967295.0	0.11982620204514495	0.02909090909090909	0.12121212121212122	0.21333333333333335	0.19314797821733937		0.0		103
0.8277465128678779	0.8267906928265433	0.22424133333921706	0.22360453177625908	0.1713131313131313	0.27825045927594133	5.0	0.0	3.0	0.0	1.0	-1.1900452655028697	0.006868686868686869	0.10101010101010102	0.19515151515151513	0.579443934652018	0.0	0.0	0.0	84
0.9450083143897742	0.9407041938880998	0.2663878859225044	0.26487693373425697	0.257979797979798	0.3230683833496968	5.0	0.0	4.0	0.0	0.0	-1.2829550588269156	0.0101010101010101	0.14141414141414144	0.2727272727272727	0.7725919128693575	0.0	0.0	0.0	93
0.9450083143897742	0.9407041938880998	0.39543801732496214	0.393195092743297	0.36282828282828283	0.4493135669971169	6.0	0.0	4.0	0.0	1.0	-0.9438521020323087	0.039595959595959594	0.22222222222222224	0.40484848484848485	0.7725919128693575	0.0	0.0	0.0	84
0.683750117678692	0.6854202331140761	0.19565429861149505	0.19570187165880923	0.13393939393939377	0.24811834771582283	3.0	0.0	2.0	0.0	0.0	-0.9946746173066883	0.00505050505050505	0.07070707070707072	0.13636363636363635	0.38629595643467873	0.0	0.0	0.0	96
0.683750117678692	0.6854202331140761	0.16869748413613353	0.16873850267470664	0.09757575757575772	0.21529038171034476	4.0	0.0	2.0	0.0	1.0	-1.0694461640119157	0.0036363636363636364	0.06060606060606061	0.11757575757575757	0.38629595643467873	0.0	0.0	0.0	87
0.48926949305991313	0.4923299360854566	0.12171195550955921	0.12215154918491766	0.05878787878787882	0.15956918067315926	2.0	0.0	1.0	0.0	4294967295.0	-0.7976010493015054	0.0018181818181818182	0.030303030303030304	0.058787878787878785	0.19314797821733937		0.0		108
0.48926949305991313	0.4923299360854566	0.12171195550955921	0.12215154918491766	0.05878787878787882	0.15956918067315926	2.0	0.0	1.0	0.0	4294967295.0	-0.7976010493015054	0.0018181818181818182	0.030303030303030304	0.058787878787878785	0.19314797821733937		0.0		93
0.48926949305991313	0.4923299360854566	0.12171195550955921	0.12215154918491766	0.05878787878787882	0.15956918067315926	2.0	0.0	1.0	0.0	4294967295.0	-0.7976010493015054	0.0018181818181818182	0.030303030303030304	0.058787878787878785	0.19314797821733937		0.0		96
0.8277465128678779	0.8267906928265433	0.20265288199289494	0.2020773874127062	0.17090909090909082	0.2525749877118524	4.0	0.0	3.0	0.0	0.0	-1.2482260285515345	0.005454545454545455	0.09090909090909091	0.17636363636363636	0.579443934652018	0.0	0.0	0.0	99
0.8277465128678779	0.8267906928265433	0.20265288199289494	0.2020773874127062	0.15333333333333338	0.2525749877118524	5.0	0.0	3.0	0.0	1.0	-1.2482260285515345	0.005454545454545455	0.09090909090909091	0.17636363636363636	0.579443934652018	0.0	0.0	0.0	119
0.683750117678692	0.6854202331140761	0.22261111308685663	0.22266524064291188	0.1519191919191918	0.28094631372130097	3.0	0.0	2.0	0.0	0.0	-0.9199030706014608	0.006464646464646465	0.08080808080808081	0.15515151515151515	0.38629595643467873	0.0	0.0	0.0	83
0.48926949305991313	0.4923299360854566	0.12171195550955921	0.12215154918491766	0.05878787878787882	0.15956918067315926	2.0	0.0	1.0	0.0	4294967295.0	-0.7976010493015054	0.0018181818181818182	0.030303030303030304	0.058787878787878785	0.19314797821733937		0.0		100
0.683750117678692	0.6854202331140761	0.16869748413613353	0.16873850267470664	0.1157575757575758	0.21529038171034476	3.0	0.0	2.0	0.0	0.0	-1.0694461640119157	0.0036363636363636364	0.06060606060606061	0.11757575757575757	0.38629595643467873	0.0	0.0	0.0	84
0.48926949305991313	0.4923299360854566	0.12171195550955921	0.12215154918491766	0.05878787878787882	0.15956918067315926	2.0	0.0	1.0	0.0	4294967295.0	-0.7976010493015054	0.0018181818181818182	0.030303030303030304	0.058787878787878785	0.19314797821733937		0.0		90
0.683750117678692	0.6854202331140761	0.19565429861149505	0.19570187165880923	0.13393939393939377	0.24811834771582283	3.0	0.0	2.0	0.0	0.0	-0.9946746173066883	0.00505050505050505	0.07070707070707072	0.13636363636363635	0.38629595643467873	0.0	0.0	0.0	109
0.8277465128678779	0.8267906928265433	0.34680802485382023	0.3458231578403014	0.28666666666666674	0.4143901689645994	4.0	0.0	3.0	0.0	0.0	-0.8597286752910939	0.021414141414141417	0.16161616161616163	0.3018181818181818	0.579443934652018	0.0	0.0	0.0	82
1.0448862968084678	1.0367645284728637	0.26834819618823763	0.26612550362258386	0.27595959595959607	0.3205465350616675	7.0	0.0	5.0	0.0	1.0	-1.4397702828294339	0.010505050505050503	0.16161616161616163	0.3127272727272727	0.9657398910866968	0.0	0.0	0.0	86
0.9450083143897742	0.9407041938880998	0.3198627874669479	0.3180485256172078	0.2909090909090912	0.38320880548094816	6.0	0.0	4.0	0.0	1.0	-1.142439919237713	0.015959595959595962	0.1717171717171717	0.3274747474747475	0.7725919128693575	0.0	0.0	0.0	98
				0.0		1.0	0.0	0.0	0.0	4294967295.0		0.0	0.0	0.0	0.0		0.0		97
0.9450083143897742	0.9407041938880998	0.3682072556528839	0.36611878396157294	0.3501010101010099	0.4304264922782115	5.0	0.0	4.0	0.0	0.0	-1.0154059369522717	0.027070707070707075	0.20202020202020202	0.37696969696969695	0.7725919128693575	0.0	0.0	0.0	100
0.683750117678692	0.6854202331140761	0.19565429861149505	0.19570187165880923	0.13393939393939377	0.24811834771582283	3.0	0.0	2.0	0.0	0.0	-0.9946746173066883	0.00505050505050505	0.07070707070707072	0.13636363636363635	0.38629595643467873	0.0	0.0	0.0	92
0.8277465128678779	0.8267906928265433	0.20265288199289494	0.2020773874127062	0.17090909090909082	0.2525749877118524	4.0	0.0	3.0	0.0	0.0	-1.2482260285515345	0.005454545454545455	0.09090909090909091	0.17636363636363636	0.579443934652018	0.0	0.0	0.0	95
1.0448862968084678	1.0367645284728637	0.4550478133036976	0.4512787125382963	0.4246464646464649	0.5035323244618441	9.0	0.0	5.0	0.0	2.0	-0.9600565664104717	0.05555555555555555	0.29292929292929293	0.5303030303030303	0.9657398910866968	0.0	0.0	0.0	84
0.48926949305991313	0.4923299360854566	0.8243789151523753	0.8273563692215558	0.3981818181818183	0.7027834127519996	2.0	0.0	1.0	0.0	4294967295.0	1.2171411497342757	0.14727272727272728	0.2727272727272727	0.3981818181818182	0.19314797821733937		0.0		109
0.48926949305991313	0.4923299360854566	0.12171195550955921	0.12215154918491766	0.05878787878787882	0.15956918067315926	2.0	0.0	1.0	0.0	4294967295.0	-0.7976010493015054	0.0018181818181818182	0.030303030303030304	0.058787878787878785	0.19314797821733937		0.0		101
0.48926949305991313	0.4923299360854566	0.12171195550955921	0.12215154918491766	0.05878787878787882	0.15956918067315926	2.0	0.0	1.0	0.0	4294967295.0	-0.7976010493015054	0.0018181818181818182	0.030303030303030304	0.058787878787878785	0.19314797821733937		0.0		90
0.48926949305991313	0.4923299360854566	0.12171195550955921	0.12215154918491766	0.05878787878787882	0.15956918067315926	2.0	0.0	1.0	0.0	4294967295.0	-0.7976010493015054	0.0018181818181818182	0.030303030303030304	0.058787878787878785	0.19314797821733937		0.0		94
0.48926949305991313	0.4923299360854566	0.16060959077550083	0.16118967315123156	0.07757575757575756	0.2082321222968887	2.0	0.0	1.0	0.0	4294967295.0	-0.6860706775691675	0.0032323232323232323	0.04040404040404041	0.07757575757575758	0.19314797821733937		0.0		86
0.8277465128678779	0.8267906928265433	0.22424133333921706	0.22360453177625908	0.18848484848484837	0.27825045927594133	4.0	0.0	3.0	0.0	0.0	-1.1900452655028697	0.006868686868686868	0.10101010101010102	0.19515151515151513	0.579443934652018	0.0	0.0	0.0	91
				0.0		1.0	0.0	0.0	0.0	4294967295.0		0.0	0.0	0.0	0.0		0.0		110
0.683750117678692	0.6854202331140761	0.19565429861149505	0.19570187165880923	0.13393939393939377	0.24811834771582283	3.0	0.0	2.0	0.0	0.0	-0.9946746173066883	0.00505050505050505	0.07070707070707072	0.13636363636363635	0.38629595643467873	0.0	0.0	0.0	85
0.48926949305991313	0.4923299360854566	0.6173431145433312	0.6195728061750463	0.2981818181818183	0.651857078494608	2.0	0.0	1.0	0.0	4294967295.0	0.6235117518040899	0.06545454545454546	0.18181818181818182	0.29818181818181816	0.19314797821733937		0.0		92
0.683750117678692	0.6854202331140761	0.16869748413613353	0.16873850267470664	0.1157575757575758	0.21529038171034476	3.0	0.0	2.0	0.0	0.0	-1.0694461640119157	0.0036363636363636364	0.06060606060606061	0.11757575757575757	0.38629595643467873	0.0	0.0	0.0	80
0.9450083143897742	0.9407041938880998	0.248036720447843	0.24662985607700813	0.24121212121212113	0.30169616722040915	5.0	0.0	4.0	0.0	0.0	-1.331176121490369	0.008686868686868686	0.13131313131313133	0.2539393939393939	0.7725919128693575	0.0	0.0	0.0	88
0.9450083143897742	0.9407041938880998	0.248036720447843	0.24662985607700813	0.24121212121212113	0.30169616722040915	5.0	0.0	4.0	0.0	0.0	-1.331176121490369	0.008686868686868687	0.13131313131313133	0.2539393939393939	0.7725919128693575	0.0	0.0	0.0	108
0.683750117678692	0.6854202331140761	0.22203139664652627	0.22208538324540428	0.15171717171717172	0.27941943158151133	3.0	0.0	2.0	0.0	0.0	-0.9215110608531861	0.0068686868686868695	0.0808080808080808	0.15474747474747474	0.38629595643467873	0.0	0.0	0.0	100
				0.0		1.0	0.0	0.0	0.0	4294967295.0		0.0	0.0	0.0	0.0		0.0		84
0.8277465128678779	0.8267906928265433	0.3059524610156192	0.30508361581895393	0.23818181818181833	0.3690102657350467	5.0	0.0	3.0	0.0	1.0	-0.9698342053616857	0.016565656565656565	0.14141414141414144	0.26626262626262626	0.579443934652018	0.0	0.0	0.0	94
0.9450083143897742	0.9407041938880998	0.3019062707121717	0.3001938582321579	0.24242424242424254	0.3628306459158134	8.0	0.0	4.0	0.0	2.0	-1.189623969800877	0.014141414141414142	0.16161616161616163	0.3090909090909091	0.7725919128693575	0.0	0.0	0.0	95
0.48926949305991313	0.4923299360854566	0.12171195550955921	0.12215154918491766	0.05878787878787882	0.15956918067315926	2.0	0.0	1.0	0.0	4294967295.0	-0.7976010493015054	0.0018181818181818182	0.030303030303030304	0.058787878787878785	0.19314797821733937		0.0		104
0.9450083143897742	0.9407041938880998	0.31749489514763674	0.3156940639840144	0.29010101010101025	0.37724446609603063	6.0	0.0	4.0	0.0	1.0	-1.148661991839449	0.018383838383838384	0.1717171717171717	0.32505050505050503	0.7725919128693575	0.0	0.0	0.0	90
0.9450083143897742	0.9407041938880998	0.248036720447843	0.24662985607700813	0.24121212121212113	0.30169616722040915	5.0	0.0	4.0	0.0	0.0	-1.331176121490369	0.008686868686868687	0.13131313131313133	0.2539393939393939	0.7725919128693575	0.0	0.0	0.0	104
1.0448862968084678	1.0367645284728637	0.25222650223119236	0.25013734352122713	0.2757575757575758	0.3021193946771065	6.0	0.0	5.0	0.0	0.0	-1.4811940299296786	0.00909090909090909	0.15151515151515152	0.29393939393939394	0.9657398910866968	0.0	0.0	0.0	90
0.48926949305991313	0.4923299360854566	0.4094708056489982	0.4109497135808742	0.19777777777777777	0.48549771992046337	2.0	0.0	1.0	0.0	4294967295.0	0.027483851256004894	0.024444444444444446	0.1111111111111111	0.19777777777777777	0.19314797821733937		0.0		106
0.9450083143897742	0.9407041938880998	0.2663878859225044	0.26487693373425697	0.2416161616161616	0.3230683833496968	6.0	0.0	4.0	0.0	1.0	-1.2829550588269156	0.0101010101010101	0.14141414141414144	0.2727272727272727	0.7725919128693575	0.0	0.0	0.0	98
0.683750117678692	0.6854202331140761	0.16869748413613353	0.16873850267470664	0.1157575757575758	0.21529038171034476	3.0	0.0	2.0	0.0	0.0	-1.0694461640119157	0.0036363636363636364	0.06060606060606061	0.11757575757575757	0.38629595643467873	0.0	0.0	0.0	93
1.1322512091154782	1.119995944426637	0.28601658062058183	0.2829569471336811	0.341212121212121	0.33608882790568795	7.0	0.0	6.0	0.0	0.0	-1.5266497030369703	0.012323232323232321	0.19191919191919193	0.37151515151515146	1.158887869304036	0.0	0.0	0.0	86
0.9450083143897742	0.9407041938880998	0.2296855549731816	0.22838277841975932	0.17212121212121223	0.28032395109112157	7.0	0.0	4.0	0.0	1.0	-1.3793971841538224	0.007272727272727273	0.12121212121212122	0.23515151515151514	0.7725919128693575	0.0	0.0	0.0	87
0.8277465128678779	0.8267906928265433	0.20265288199289494	0.2020773874127062	0.17090909090909082	0.2525749877118524	4.0	0.0	3.0	0.0	0.0	-1.2482260285515345	0.005454545454545455	0.09090909090909091	0.17636363636363636	0.579443934652018	0.0	0.0	0.0	90
0.8277465128678779	0.8267906928265433	0.3275409123619413	0.32661076018250684	0.25595959595959605	0.3946857372991357	5.0	0.0	3.0	0.0	1.0	-0.9116534423130207	0.017979797979797978	0.15151515151515155	0.28505050505050505	0.579443934652018	0.0	0.0	0.0	99
1.2100396725572446	1.1934377579838085	0.41729274568707675	0.41189424695035187	0.46282828282828303	0.4735645798067257	11.0	0.0	7.0	0.0	1.0	-1.3119138752157917	0.03090909090909091	0.31313131313131315	0.5953535353535353	1.3520358475213754	0.0	0.0	0.0	88
0.8277465128678779	0.8267906928265433	0.20265288199289494	0.2020773874127062	0.17090909090909082	0.2525749877118524	4.0	0.0	3.0	0.0	0.0	-1.2482260285515345	0.005454545454545455	0.09090909090909091	0.17636363636363636	0.579443934652018	0.0	0.0	0.0	114
0.48926949305991313	0.4923299360854566	0.12171195550955921	0.12215154918491766	0.05878787878787882	0.15956918067315926	2.0	0.0	1.0	0.0	4294967295.0	-0.7976010493015054	0.0018181818181818182	0.030303030303030304	0.058787878787878785	0.19314797821733937		0.0		93
0.9450083143897742	0.9407041938880998	0.28434440267728067	0.2827316011193069	0.25838383838383844	0.34344654291483157	6.0	0.0	4.0	0.0	1.0	-1.2357710082637516	0.011919191919191918	0.15151515151515152	0.2911111111111111	0.7725919128693575	0.0	0.0	0.0	80
0.48926949305991313	0.4923299360854566	0.12171195550955921	0.12215154918491766	0.05878787878787882	0.15956918067315926	2.0	0.0	1.0	0.0	4294967295.0	-0.7976010493015054	0.0018181818181818182	0.030303030303030304	0.058787878787878785	0.19314797821733937		0.0		75
				0.0		1.0	0.0	0.0	0.0	4294967295.0		0.0	0.0	0.0	0.0		0.0		96
0.8277465128678779	0.8267906928265433	0.20265288199289494	0.2020773874127062	0.17090909090909082	0.2525749877118524	4.0	0.0	3.0	0.0	0.0	-1.2482260285515345	0.005454545454545455	0.09090909090909091	0.17636363636363636	0.579443934652018	0.0	0.0	0.0	120
1.0448862968084678	1.0367645284728637	0.26834819618823763	0.26612550362258386	0.22505050505050517	0.3205465350616675	8.0	0.0	5.0	0.0	2.0	-1.4397702828294339	0.010505050505050505	0.16161616161616163	0.3127272727272727	0.9657398910866968	0.0	0.0	0.0	97
0.683750117678692	0.6854202331140761	0.19565429861149505	0.19570187165880923	0.13393939393939377	0.24811834771582283	3.0	0.0	2.0	0.0	0.0	-0.9946746173066883	0.00505050505050505	0.07070707070707072	0.13636363636363635	0.38629595643467873	0.0	0.0	0.0	102
0.9450083143897742	0.9407041938880998	0.28434440267728067	0.2827316011193069	0.24202020202020208	0.34344654291483157	7.0	0.0	4.0	0.0	1.0	-1.2357710082637516	0.01191919191919192	0.15151515151515152	0.2911111111111111	0.7725919128693575	0.0	0.0	0.0	84
0.683750117678692	0.6854202331140761	0.19565429861149505	0.19570187165880923	0.13393939393939377	0.24811834771582283	3.0	0.0	2.0	0.0	0.0	-0.9946746173066883	0.00505050505050505	0.07070707070707072	0.13636363636363635	0.38629595643467873	0.0	0.0	0.0	92
0.683750117678692	0.6854202331140761	0.47391818997006585	0.4740334224624491	0.3076767676767679	0.5229571328779652	4.0	0.0	2.0	0.0	1.0	-0.22283929647853473	0.05353535353535353	0.19191919191919193	0.3303030303030303	0.38629595643467873	0.0	0.0	0.0	92
0.48926949305991313	0.4923299360854566	0.12171195550955921	0.12215154918491766	0.05878787878787882	0.15956918067315926	2.0	0.0	1.0	0.0	4294967295.0	-0.7976010493015054	0.0018181818181818182	0.030303030303030304	0.058787878787878785	0.19314797821733937		0.0		95
				0.0		1.0	0.0	0.0	0.0	4294967295.0		0.0	0.0	0.0	0.0		0.0		96
0.683750117678692	0.6854202331140761	0.16869748413613353	0.16873850267470664	0.1157575757575758	0.21529038171034476	3.0	0.0	2.0	0.0	0.0	-1.0694461640119157	0.0036363636363636364	0.06060606060606061	0.11757575757575757	0.38629595643467873	0.0	0.0	0.0	120
0.48926949305991313	0.4923299360854566	0.16060959077550083	0.16118967315123156	0.07757575757575756	0.2082321222968887	2.0	0.0	1.0	0.0	4294967295.0	-0.6860706775691675	0.0032323232323232323	0.04040404040404041	0.07757575757575758	0.19314797821733937		0.0		108
0.48926949305991313	0.4923299360854566	0.12171195550955921	0.12215154918491766	0.05878787878787882	0.15956918067315926	2.0	0.0	1.0	0.0	4294967295.0	-0.7976010493015054	0.0018181818181818182	0.030303030303030304	0.058787878787878785	0.19314797821733937		0.0		93
				0.0		1.0	0.0	0.0	0.0	4294967295.0		0.0	0.0	0.0	0.0		0.0		84
0.9450083143897742	0.9407041938880998	0.4700266253832634	0.46736063418888896	0.41111111111111115	0.5377846012067261	6.0	0.0	4.0	0.0	1.0	-0.7478568150776277	0.04404040404040404	0.26262626262626265	0.4812121212121212	0.7725919128693575	0.0	0.0	0.0	82
0.8277465128678779	0.8267906928265433	0.20265288199289494	0.2020773874127062	0.17090909090909082	0.2525749877118524	4.0	0.0	3.0	0.0	0.0	-1.2482260285515345	0.005454545454545455	0.09090909090909091	0.17636363636363636	0.579443934652018	0.0	0.0	0.0	106
0.48926949305991313	0.4923299360854566	0.12171195550955921	0.12215154918491766	0.05878787878787882	0.15956918067315926	2.0	0.0	1.0	0.0	4294967295.0	-0.7976010493015054	0.0018181818181818182	0.030303030303030304	0.058787878787878785	0.19314797821733937		0.0		89
0.683750117678692	0.6854202331140761	0.2730464433955975	0.2731128342260715	0.16949494949494945	0.33744095289351905	4.0	0.0	2.0	0.0	1.0	-0.7800079187013581	0.011717171717171716	0.10101010101010101	0.19030303030303028	0.38629595643467873	0.0	0.0	0.0	97
				0.0		1.0	0.0	0.0	0.0	4294967295.0		0.0	0.0	0.0	0.0		0.0		99
0.683750117678692	0.6854202331140761	0.2730464433955975	0.2731128342260715	0.16949494949494945	0.33744095289351905	4.0	0.0	2.0	0.0	1.0	-0.7800079187013581	0.011717171717171716	0.10101010101010101	0.19030303030303028	0.38629595643467873	0.0	0.0	0.0	91
0.9450083143897742	0.9407041938880998	0.2296855549731816	0.22838277841975932	0.22424242424242424	0.28032395109112157	5.0	0.0	4.0	0.0	0.0	-1.3793971841538224	0.007272727272727273	0.12121212121212122	0.23515151515151514	0.7725919128693575	0.0	0.0	0.0	99
0.48926949305991313	0.4923299360854566	0.12171195550955921	0.12215154918491766	0.05878787878787882	0.15956918067315926	2.0	0.0	1.0	0.0	4294967295.0	-0.7976010493015054	0.0018181818181818182	0.030303030303030304	0.058787878787878785	0.19314797821733937		0.0		97
0.683750117678692	0.6854202331140761	0.19565429861149505	0.19570187165880923	0.11616161616161627	0.24811834771582283	4.0	0.0	2.0	0.0	1.0	-0.9946746173066883	0.00505050505050505	0.07070707070707072	0.13636363636363635	0.38629595643467873	0.0	0.0	0.0	107
0.683750117678692	0.6854202331140761	0.16869748413613353	0.16873850267470664	0.1157575757575758	0.21529038171034476	3.0	0.0	2.0	0.0	0.0	-1.0694461640119157	0.0036363636363636364	0.06060606060606061	0.11757575757575757	0.38629595643467873	0.0	0.0	0.0	90
				0.0		1.0	0.0	0.0	0.0	4294967295.0		0.0	0.0	0.0	0.0		0.0		96
1.1322512091154782	1.119995944426637	0.3432510024087135	0.3395791094747331	0.3874747474747474	0.3996016772736921	8.0	0.0	6.0	0.0	1.0	-1.3825040152337718	0.01878787878787879	0.23232323232323232	0.44585858585858584	1.158887869304036	0.0	0.0	0.0	107
1.1322512091154782	1.119995944426637	0.28601658062058183	0.2829569471336811	0.3098989898989901	0.33608882790568806	9.0	0.0	6.0	0.0	1.0	-1.5266497030369701	0.012323232323232323	0.19191919191919193	0.3715151515151515	1.158887869304036	0.0	0.0	0.0	73
0.8277465128678779	0.8267906928265433	0.3087380676409511	0.307861311865864	0.25595959595959605	0.37617551361339724	4.0	0.0	3.0	0.0	0.0	-0.9623270101295999	0.014141414141414142	0.1414141414141414	0.2686868686868687	0.579443934652018	0.0	0.0	0.0	108
0.9450083143897742	0.9407041938880998	0.2663878859225044	0.26487693373425697	0.224848484848485	0.3230683833496968	6.0	0.0	4.0	0.0	1.0	-1.2829550588269156	0.0101010101010101	0.14141414141414144	0.2727272727272727	0.7725919128693575	0.0	0.0	0.0	97
0.8277465128678779	0.8267906928265433	0.20265288199289494	0.2020773874127062	0.17090909090909082	0.2525749877118524	4.0	0.0	3.0	0.0	0.0	-1.2482260285515345	0.005454545454545455	0.09090909090909091	0.17636363636363636	0.579443934652018	0.0	0.0	0.0	87
0.8277465128678779	0.8267906928265433	0.2862210807528516	0.2854082688200077	0.22282828282828285	0.3481116260898579	5.0	0.0	3.0	0.0	1.0	-1.0230101715889603	0.013535353535353534	0.13131313131313133	0.24909090909090906	0.579443934652018	0.0	0.0	0.0	98
				0.0		1.0	0.0	0.0	0.0	4294967295.0		0.0	0.0	0.0	0.0		0.0		95
0.8277465128678779	0.8267906928265433	0.5926378095393594	0.5909548339801134	0.4812121212121212	0.5391849028458693	4.0	0.0	3.0	0.0	0.0	-0.197218696059521	0.1509090909090909	0.3333333333333333	0.5157575757575757	0.579443934652018	0.0	0.0	0.0	119
0.683750117678692	0.6854202331140761	0.16869748413613353	0.16873850267470664	0.1157575757575758	0.21529038171034476	3.0	0.0	2.0	0.0	0.0	-1.0694461640119157	0.0036363636363636364	0.06060606060606061	0.11757575757575757	0.38629595643467873	0.0	0.0	0.0	91
0.48926949305991313	0.4923299360854566	0.12171195550955921	0.12215154918491766	0.05878787878787882	0.15956918067315926	2.0	0.0	1.0	0.0	4294967295.0	-0.7976010493015054	0.0018181818181818182	0.030303030303030304	0.058787878787878785	0.19314797821733937		0.0		82
0.683750117678692	0.6854202331140761	0.16869748413613353	0.16873850267470664	0.1157575757575758	0.21529038171034476	3.0	0.0	2.0	0.0	0.0	-1.0694461640119157	0.0036363636363636364	0.06060606060606061	0.11757575757575757	0.38629595643467873	0.0	0.0	0.0	87
1.0448862968084678	1.0367645284728637	0.26834819618823763	0.26612550362258386	0.25979797979798	0.3205465350616675	8.0	0.0	5.0	0.0	1.0	-1.4397702828294339	0.010505050505050505	0.16161616161616163	0.3127272727272727	0.9657398910866968	0.0	0.0	0.0	83
0.9450083143897742	0.9407041938880998	0.36544471461368755	0.36337191205618063	0.34868686868686855	0.42346809632914106	5.0	0.0	4.0	0.0	0.0	-1.022665021654297	0.029898989898989904	0.20202020202020202	0.3741414141414141	0.7725919128693575	0.0	0.0	0.0	68
0.48926949305991313	0.4923299360854566	0.12171195550955921	0.12215154918491766	0.05878787878787882	0.15956918067315926	2.0	0.0	1.0	0.0	4294967295.0	-0.7976010493015054	0.0018181818181818182	0.030303030303030304	0.058787878787878785	0.19314797821733937		0.0		103
1.0448862968084678	1.0367645284728637	0.2844698901452829	0.28211366372394064	0.27656565656565674	0.33897367544622864	8.0	0.0	5.0	0.0	2.0	-1.3983465357291893	0.011919191919191918	0.17171717171717174	0.3315151515151515	0.9657398910866968	0.0	0.0	0.0	96
0.683750117678692	0.6854202331140761	0.16869748413613353	0.16873850267470664	0.1157575757575758	0.21529038171034476	3.0	0.0	2.0	0.0	0.0	-1.0694461640119157	0.0036363636363636364	0.06060606060606061	0.11757575757575757	0.38629595643467873	0.0	0.0	0.0	114
1.0448862968084678	1.0367645284728637	0.6424408366108584	0.6371195842540671	0.6195959595959596	0.4739631922168505	8.0	0.0	5.0	0.0	1.0	-0.4785611834495634	0.3018181818181818	0.5252525252525253	0.7486868686868686	0.9657398910866968	0.0	0.0	0.0	98
0.8277465128678779	0.8267906928265433	0.20265288199289494	0.2020773874127062	0.17090909090909082	0.2525749877118524	4.0	0.0	3.0	0.0	0.0	-1.2482260285515345	0.005454545454545455	0.09090909090909091	0.17636363636363636	0.579443934652018	0.0	0.0	0.0	103
0.48926949305991313	0.4923299360854566	0.12171195550955921	0.12215154918491766	0.05878787878787882	0.15956918067315926	2.0	0.0	1.0	0.0	4294967295.0	-0.7976010493015054	0.0018181818181818182	0.030303030303030304	0.058787878787878785	0.19314797821733937		0.0		82
0.8277465128678779	0.8267906928265433	0.22424133333921706	0.22360453177625908	0.18848484848484837	0.27825045927594133	4.0	0.0	3.0	0.0	0.0	-1.1900452655028697	0.006868686868686868	0.10101010101010102	0.19515151515151513	0.579443934652018	0.0	0.0	0.0	94
0.48926949305991313	0.4923299360854566	0.12171195550955921	0.12215154918491766	0.05878787878787882	0.15956918067315926	2.0	0.0	1.0	0.0	4294967295.0	-0.7976010493015054	0.0018181818181818182	0.030303030303030304	0.058787878787878785	0.19314797821733937		0.0		86
0.48926949305991313	0.4923299360854566	0.27228344686159117	0.27326686776419723	0.1315151515151514	0.3406405913661059	2.0	0.0	1.0	0.0	4294967295.0	-0.36587057807955237	0.009898989898989899	0.0707070707070707	0.1315151515151515	0.19314797821733937		0.0		97
0.8277465128678779	0.8267906928265433	0.2862210807528516	0.2854082688200077	0.20606060606060614	0.3481116260898579	5.0	0.0	3.0	0.0	1.0	-1.0230101715889603	0.013535353535353534	0.13131313131313133	0.24909090909090906	0.579443934652018	0.0	0.0	0.0	99
0.8277465128678779	0.8267906928265433	0.20265288199289494	0.2020773874127062	0.17090909090909082	0.2525749877118524	4.0	0.0	3.0	0.0	0.0	-1.2482260285515345	0.005454545454545455	0.09090909090909091	0.17636363636363636	0.579443934652018	0.0	0.0	0.0	85
0.683750117678692	0.6854202331140761	0.19565429861149505	0.19570187165880923	0.13393939393939377	0.24811834771582283	3.0	0.0	2.0	0.0	0.0	-0.9946746173066883	0.00505050505050505	0.07070707070707072	0.13636363636363635	0.38629595643467873	0.0	0.0	0.0	100
0.9450083143897742	0.9407041938880998	0.2663878859225044	0.26487693373425697	0.257979797979798	0.3230683833496968	5.0	0.0	4.0	0.0	0.0	-1.2829550588269156	0.0101010101010101	0.14141414141414144	0.2727272727272727	0.7725919128693575	0.0	0.0	0.0	107
0.48926949305991313	0.4923299360854566	0.12171195550955921	0.12215154918491766	0.05878787878787882	0.15956918067315926	2.0	0.0	1.0	0.0	4294967295.0	-0.7976010493015054	0.0018181818181818182	0.030303030303030304	0.058787878787878785	0.19314797821733937		0.0		102
0.683750117678692	0.6854202331140761	0.16869748413613353	0.16873850267470664	0.1157575757575758	0.21529038171034476	3.0	0.0	2.0	0.0	0.0	-1.0694461640119157	0.0036363636363636364	0.06060606060606061	0.11757575757575757	0.38629595643467873	0.0	0.0	0.0	116
				0.0		1.0	0.0	0.0	0.0	4294967295.0		0.0	0.0	0.0	0.0		0.0		113
0.683750117678692	0.6854202331140761	0.16869748413613353	0.16873850267470664	0.09757575757575772	0.21529038171034476	4.0	0.0	2.0	0.0	1.0	-1.0694461640119157	0.0036363636363636364	0.06060606060606061	0.11757575757575757	0.38629595643467873	0.0	0.0	0.0	91
0.8277465128678779	0.8267906928265433	0.20265288199289494	0.2020773874127062	0.17090909090909082	0.2525749877118524	4.0	0.0	3.0	0.0	0.0	-1.2482260285515345	0.005454545454545455	0.09090909090909091	0.17636363636363636	0.579443934652018	0.0	0.0	0.0	81
0.9450083143897742	0.9407041938880998	0.2296855549731816	0.22838277841975932	0.22424242424242424	0.28032395109112157	5.0	0.0	4.0	0.0	0.0	-1.3793971841538224	0.007272727272727273	0.12121212121212122	0.23515151515151514	0.7725919128693575	0.0	0.0	0.0	100
0.48926949305991313	0.4923299360854566	0.16060959077550083	0.16118967315123156	0.07757575757575756	0.2082321222968887	2.0	0.0	1.0	0.0	4294967295.0	-0.6860706775691675	0.0032323232323232323	0.04040404040404041	0.07757575757575758	0.19314797821733937		0.0		102
0.683750117678692	0.6854202331140761	0.16869748413613353	0.16873850267470664	0.1157575757575758	0.21529038171034476	3.0	0.0	2.0	0.0	0.0	-1.0694461640119157	0.0036363636363636364	0.06060606060606061	0.11757575757575757	0.38629595643467873	0.0	0.0	0.0	112
0.9450083143897742	0.9407041938880998	0.26599323720261925	0.26448452346205803	0.2074747474747475	0.32207432678554393	7.0	0.0	4.0	0.0	2.0	-1.283992070927205	0.010505050505050505	0.1414141414141414	0.2723232323232323	0.7725919128693575	0.0	0.0	0.0	100
1.0448862968084678	1.0367645284728637	0.2844698901452829	0.28211366372394064	0.2927272727272728	0.33897367544622864	7.0	0.0	5.0	0.0	1.0	-1.3983465357291893	0.01191919191919192	0.17171717171717174	0.3315151515151515	0.9657398910866968	0.0	0.0	0.0	112
1.344073735825258	1.3184101303266593	0.5866407682759329	0.5766900783984369	0.6585858585858585	0.5498777453610857	15.0	0.0	9.0	0.0	3.0	-1.0890073586592581	0.19191919191919196	0.5858585858585859	0.9797979797979798	1.7383318039560542	0.0	0.0	0.0	96
0.9450083143897742	0.9407041938880998	0.248036720447843	0.24662985607700813	0.24121212121212113	0.30169616722040915	5.0	0.0	4.0	0.0	0.0	-1.331176121490369	0.008686868686868687	0.13131313131313133	0.2539393939393939	0.7725919128693575	0.0	0.0	0.0	109
0.48926949305991313	0.4923299360854566	0.12171195550955921	0.12215154918491766	0.05878787878787882	0.15956918067315926	2.0	0.0	1.0	0.0	4294967295.0	-0.7976010493015054	0.0018181818181818182	0.030303030303030304	0.058787878787878785	0.19314797821733937		0.0		98
1.0448862968084678	1.0367645284728637	0.7599731861041562	0.7536784288639585	0.6614141414141415	0.5502429826459639	11.0	0.0	5.0	0.0	2.0	-0.17656870458971521	0.3668686868686869	0.6262626262626263	0.8856565656565656	0.9657398910866968	0.0	0.0	0.0	96
0.683750117678692	0.6854202331140761	0.7855157766476321	0.7857067736227749	0.5117171717171718	0.38935494564636824	3.0	0.0	2.0	0.0	0.0	0.6414554638238243	0.34141414141414145	0.4444444444444444	0.5474747474747474	0.38629595643467873	0.0	0.0	0.0	104
0.48926949305991313	0.4923299360854566	0.47304543533096727	0.4747539592032367	0.22848484848484846	0.544345928395671	2.0	0.0	1.0	0.0	4294967295.0	0.2097700502163851	0.03414141414141414	0.13131313131313133	0.22848484848484849	0.19314797821733937		0.0		82
0.48926949305991313	0.4923299360854566	0.27228344686159117	0.27326686776419723	0.1315151515151514	0.3406405913661059	2.0	0.0	1.0	0.0	4294967295.0	-0.36587057807955237	0.009898989898989899	0.0707070707070707	0.1315151515151515	0.19314797821733937		0.0		99
1.0448862968084678	1.0367645284728637	0.5512579224021937	0.5466919260463933	0.5234343434343435	0.5056750152042352	10.0	0.0	5.0	0.0	2.0	-0.712850333715463	0.16565656565656567	0.404040404040404	0.6424242424242425	0.9657398910866968	0.0	0.0	0.0	102
0.683750117678692	0.6854202331140761	0.22261111308685663	0.22266524064291188	0.1519191919191918	0.28094631372130097	3.0	0.0	2.0	0.0	0.0	-0.9199030706014608	0.006464646464646465	0.08080808080808081	0.15515151515151515	0.38629595643467873	0.0	0.0	0.0	99
0.8277465128678779	0.8267906928265433	0.20265288199289494	0.2020773874127062	0.17090909090909082	0.2525749877118524	4.0	0.0	3.0	0.0	0.0	-1.2482260285515345	0.005454545454545455	0.09090909090909091	0.17636363636363636	0.579443934652018	0.0	0.0	0.0	98
0.683750117678692	0.6854202331140761	0.19565429861149505	0.19570187165880923	0.13393939393939377	0.24811834771582283	3.0	0.0	2.0	0.0	0.0	-0.9946746173066883	0.00505050505050505	0.07070707070707072	0.13636363636363635	0.38629595643467873	0.0	0.0	0.0	100
0.683750117678692	0.6854202331140761	0.22261111308685663	0.22266524064291188	0.1519191919191918	0.28094631372130097	3.0	0.0	2.0	0.0	0.0	-0.9199030706014608	0.006464646464646465	0.08080808080808081	0.15515151515151515	0.38629595643467873	0.0	0.0	0.0	98
0.683750117678692	0.6854202331140761	0.16869748413613353	0.16873850267470664	0.1157575757575758	0.21529038171034476	3.0	0.0	2.0	0.0	0.0	-1.0694461640119157	0.0036363636363636364	0.06060606060606061	0.11757575757575757	0.38629595643467873	0.0	0.0	0.0	79
0.9450083143897742	0.9407041938880998	0.3682072556528839	0.36611878396157294	0.3072727272727274	0.4304264922782115	8.0	0.0	4.0	0.0	2.0	-1.0154059369522717	0.027070707070707075	0.20202020202020202	0.37696969696969695	0.7725919128693575	0.0	0.0	0.0	116
0.48926949305991313	0.4923299360854566	0.12171195550955921	0.12215154918491766	0.05878787878787882	0.15956918067315926	2.0	0.0	1.0	0.0	4294967295.0	-0.7976010493015054	0.0018181818181818182	0.030303030303030304	0.058787878787878785	0.19314797821733937		0.0		109
0.8277465128678779	0.8267906928265433	0.22424133333921706	0.22360453177625908	0.18848484848484837	0.27825045927594133	4.0	0.0	3.0	0.0	0.0	-1.1900452655028697	0.006868686868686868	0.10101010101010102	0.19515151515151513	0.579443934652018	0.0	0.0	0.0	103
1.1322512091154782	1.119995944426637	0.32754264208099254	0.32403878774525957	0.341212121212121	0.3803209908584051	7.0	0.0	6.0	0.0	0.0	-1.4220657393319323	0.01898989898989899	0.22222222222222224	0.4254545454545454	1.158887869304036	0.0	0.0	0.0	86
0.9450083143897742	0.9407041938880998	0.248036720447843	0.24662985607700813	0.22444444444444453	0.30169616722040915	6.0	0.0	4.0	0.0	1.0	-1.331176121490369	0.008686868686868687	0.13131313131313133	0.2539393939393939	0.7725919128693575	0.0	0.0	0.0	105
0.9450083143897742	0.9407041938880998	0.2296855549731816	0.22838277841975932	0.22424242424242424	0.28032395109112157	5.0	0.0	4.0	0.0	0.0	-1.3793971841538224	0.007272727272727273	0.12121212121212122	0.23515151515151514	0.7725919128693575	0.0	0.0	0.0	105
0.48926949305991313	0.4923299360854566	0.12171195550955921	0.12215154918491766	0.05878787878787882	0.15956918067315926	2.0	0.0	1.0	0.0	4294967295.0	-0.7976010493015054	0.0018181818181818182	0.030303030303030304	0.058787878787878785	0.19314797821733937		0.0		102
0.8277465128678779	0.8267906928265433	0.22424133333921706	0.22360453177625908	0.18848484848484837	0.27825045927594133	4.0	0.0	3.0	0.0	0.0	-1.1900452655028697	0.006868686868686868	0.10101010101010102	0.19515151515151513	0.579443934652018	0.0	0.0	0.0	98
0.8277465128678779	0.8267906928265433	0.20265288199289494	0.2020773874127062	0.15333333333333338	0.2525749877118524	5.0	0.0	3.0	0.0	1.0	-1.2482260285515345	0.005454545454545455	0.09090909090909091	0.17636363636363636	0.579443934652018	0.0	0.0	0.0	84
0.9450083143897742	0.9407041938880998	0.26599323720261925	0.26448452346205803	0.2577777777777779	0.32207432678554393	5.0	0.0	4.0	0.0	0.0	-1.283992070927205	0.010505050505050505	0.1414141414141414	0.2723232323232323	0.7725919128693575	0.0	0.0	0.0	84
0.8277465128678779	0.8267906928265433	0.3078095320991737	0.3069354131835606	0.2555555555555556	0.37378709765394685	4.0	0.0	3.0	0.0	0.0	-0.9648294085402954	0.014949494949494949	0.14141414141414144	0.2678787878787878	0.579443934652018	0.0	0.0	0.0	94
0.9450083143897742	0.9407041938880998	0.26599323720261925	0.26448452346205803	0.2577777777777779	0.32207432678554393	5.0	0.0	4.0	0.0	0.0	-1.283992070927205	0.010505050505050505	0.1414141414141414	0.2723232323232323	0.7725919128693575	0.0	0.0	0.0	101
0.48926949305991313	0.4923299360854566	0.12171195550955921	0.12215154918491766	0.05878787878787882	0.15956918067315926	2.0	0.0	1.0	0.0	4294967295.0	-0.7976010493015054	0.0018181818181818182	0.030303030303030304	0.058787878787878785	0.19314797821733937		0.0		100
				0.0		1.0	0.0	0.0	0.0	4294967295.0		0.0	0.0	0.0	0.0		0.0		93
0.683750117678692	0.6854202331140761	0.16869748413613353	0.16873850267470664	0.1157575757575758	0.21529038171034476	3.0	0.0	2.0	0.0	0.0	-1.0694461640119157	0.0036363636363636364	0.06060606060606061	0.11757575757575757	0.38629595643467873	0.0	0.0	0.0	98
1.1322512091154782	1.119995944426637	0.31463379151464765	0.3112680283042071	0.3573737373737372	0.36784525258969003	8.0	0.0	6.0	0.0	1.0	-1.454576859135371	0.015555555555555553	0.21212121212121213	0.40868686868686865	1.158887869304036	0.0	0.0	0.0	98
				0.0		1.0	0.0	0.0	0.0	4294967295.0		0.0	0.0	0.0	0.0		0.0		91
0.8277465128678779	0.8267906928265433	0.20265288199289494	0.2020773874127062	0.17090909090909082	0.2525749877118524	4.0	0.0	3.0	0.0	0.0	-1.2482260285515345	0.005454545454545455	0.09090909090909091	0.17636363636363636	0.579443934652018	0.0	0.0	0.0	92
0.8277465128678779	0.8267906928265433	0.24536551691465058	0.2446687267986603	0.20565656565656568	0.30273172286030536	4.0	0.0	3.0	0.0	0.0	-1.133115701659552	0.008686868686868687	0.1111111111111111	0.21353535353535352	0.579443934652018	0.0	0.0	0.0	107
0.48926949305991313	0.4923299360854566	0.12171195550955921	0.12215154918491766	0.05878787878787882	0.15956918067315926	2.0	0.0	1.0	0.0	4294967295.0	-0.7976010493015054	0.0018181818181818182	0.030303030303030304	0.058787878787878785	0.19314797821733937		0.0		101
0.683750117678692	0.6854202331140761	0.16869748413613353	0.16873850267470664	0.1157575757575758	0.21529038171034476	3.0	0.0	2.0	0.0	0.0	-1.0694461640119157	0.0036363636363636364	0.06060606060606061	0.11757575757575757	0.38629595643467873	0.0	0.0	0.0	94
0.683750117678692	0.6854202331140761	0.22203139664652627	0.22208538324540428	0.15171717171717172	0.27941943158151133	3.0	0.0	2.0	0.0	0.0	-0.9215110608531861	0.0068686868686868695	0.0808080808080808	0.15474747474747474	0.38629595643467873	0.0	0.0	0.0	82
0.9450083143897742	0.9407041938880998	0.2296855549731816	0.22838277841975932	0.11656565656565675	0.28032395109112157	5.0	0.0	4.0	0.0	1.0	-1.3793971841538224	0.007272727272727273	0.12121212121212122	0.23515151515151514	0.7725919128693575	0.3333333333333333	1.0	0.5	91
0.683750117678692	0.6854202331140761	0.19565429861149505	0.19570187165880923	0.11616161616161627	0.24811834771582283	4.0	0.0	2.0	0.0	1.0	-0.9946746173066883	0.00505050505050505	0.07070707070707072	0.13636363636363635	0.38629595643467873	0.0	0.0	0.0	93
0.9450083143897742	0.9407041938880998	0.248036720447843	0.24662985607700813	0.20686868686868687	0.30169616722040915	6.0	0.0	4.0	0.0	1.0	-1.331176121490369	0.008686868686868687	0.13131313131313133	0.2539393939393939	0.7725919128693575	0.0	0.0	0.0	97
0.48926949305991313	0.4923299360854566	0.12171195550955921	0.12215154918491766	0.05878787878787882	0.15956918067315926	2.0	0.0	1.0	0.0	4294967295.0	-0.7976010493015054	0.0018181818181818182	0.030303030303030304	0.058787878787878785	0.19314797821733937		0.0		111
				0.0		1.0	0.0	0.0	0.0	4294967295.0		0.0	0.0	0.0	0.0		0.0		104
0.8277465128678779	0.8267906928265433	0.24536551691465058	0.2446687267986603	0.20565656565656568	0.30273172286030536	4.0	0.0	3.0	0.0	0.0	-1.133115701659552	0.008686868686868687	0.1111111111111111	0.21353535353535352	0.579443934652018	0.0	0.0	0.0	95
0.9450083143897742	0.9407041938880998	0.3198627874669479	0.3180485256172078	0.3062626262626263	0.38320880548094816	5.0	0.0	4.0	0.0	0.0	-1.142439919237713	0.01595959595959596	0.1717171717171717	0.3274747474747475	0.7725919128693575	0.0	0.0	0.0	105
0.8277465128678779	0.8267906928265433	0.24582978468553923	0.245131676139812	0.20585858585858574	0.30392593084003033	4.0	0.0	3.0	0.0	0.0	-1.1318645024542044	0.008282828282828282	0.11111111111111113	0.21393939393939393	0.579443934652018	0.0	0.0	0.0	89
0.8277465128678779	0.8267906928265433	0.20265288199289494	0.2020773874127062	0.17090909090909082	0.2525749877118524	4.0	0.0	3.0	0.0	0.0	-1.2482260285515345	0.005454545454545455	0.09090909090909091	0.17636363636363636	0.579443934652018	0.0	0.0	0.0	86
0.9450083143897742	0.9407041938880998	0.248036720447843	0.24662985607700813	0.24121212121212113	0.30169616722040915	5.0	0.0	4.0	0.0	0.0	-1.331176121490369	0.008686868686868686	0.13131313131313133	0.2539393939393939	0.7725919128693575	0.0	0.0	0.0	102
0.48926949305991313	0.4923299360854566	0.16060959077550083	0.16118967315123156	0.07757575757575756	0.2082321222968887	2.0	0.0	1.0	0.0	4294967295.0	-0.6860706775691675	0.0032323232323232323	0.04040404040404041	0.07757575757575758	0.19314797821733937		0.0		89
0.8277465128678779	0.8267906928265433	0.3976453457661272	0.3965161106964098	0.31494949494949515	0.45559034426511436	5.0	0.0	3.0	0.0	1.0	-0.7227223623055278	0.03777777777777777	0.19191919191919193	0.34606060606060607	0.579443934652018	0.0	0.0	0.0	91
1.280192013892186	1.2591029260400894	0.5934966071990883	0.5845823388872332	0.6533333333333334	0.4781649809277723	16.0	0.0	8.0	0.0	3.0	-0.9815014362094203	0.2921212121212121	0.6060606060606061	0.9199999999999999	1.545183825738715	0.0	0.0	0.0	90
1.0448862968084678	1.0367645284728637	0.4463802359074367	0.4426829275375669	0.43191919191919215	0.48210541703793597	8.0	0.0	5.0	0.0	3.0	-0.9823273981847966	0.06565656565656565	0.29292929292929293	0.5202020202020202	0.9657398910866968	0.0	0.0	0.0	93
0.48926949305991313	0.4923299360854566	0.12171195550955921	0.12215154918491766	0.05878787878787882	0.15956918067315926	2.0	0.0	1.0	0.0	4294967295.0	-0.7976010493015054	0.0018181818181818182	0.030303030303030304	0.058787878787878785	0.19314797821733937		0.0		100
0.683750117678692	0.6854202331140761	0.19565429861149505	0.19570187165880923	0.13393939393939377	0.24811834771582283	3.0	0.0	2.0	0.0	0.0	-0.9946746173066883	0.00505050505050505	0.07070707070707072	0.13636363636363635	0.38629595643467873	0.0	0.0	0.0	84
0.683750117678692	0.6854202331140761	0.19565429861149505	0.19570187165880923	0.13393939393939377	0.24811834771582283	3.0	0.0	2.0	0.0	0.0	-0.9946746173066883	0.00505050505050505	0.07070707070707072	0.13636363636363635	0.38629595643467873	0.0	0.0	0.0	90
0.8277465128678779	0.8267906928265433	0.22424133333921706	0.22360453177625908	0.18848484848484837	0.27825045927594133	4.0	0.0	3.0	0.0	0.0	-1.1900452655028697	0.006868686868686869	0.10101010101010102	0.19515151515151513	0.579443934652018	0.0	0.0	0.0	97
0.8277465128678779	0.8267906928265433	0.24536551691465058	0.2446687267986603	0.18888888888888886	0.30273172286030536	5.0	0.0	3.0	0.0	1.0	-1.133115701659552	0.008686868686868687	0.1111111111111111	0.21353535353535352	0.579443934652018	0.0	0.0	0.0	103
0.8277465128678779	0.8267906928265433	0.22424133333921706	0.22360453177625908	0.1713131313131313	0.27825045927594133	5.0	0.0	3.0	0.0	1.0	-1.1900452655028697	0.006868686868686869	0.10101010101010102	0.19515151515151513	0.579443934652018	0.0	0.0	0.0	106
0.48926949305991313	0.4923299360854566	0.16060959077550083	0.16118967315123156	0.07757575757575756	0.2082321222968887	2.0	0.0	1.0	0.0	4294967295.0	-0.6860706775691675	0.0032323232323232323	0.04040404040404041	0.07757575757575758	0.19314797821733937		0.0		101
0.8277465128678779	0.8267906928265433	0.24536551691465058	0.2446687267986603	0.1713131313131313	0.30273172286030536	5.0	0.0	3.0	0.0	1.0	-1.133115701659552	0.008686868686868687	0.1111111111111111	0.21353535353535352	0.579443934652018	0.0	0.0	0.0	102
				0.0		1.0	0.0	0.0	0.0	4294967295.0		0.0	0.0	0.0	0.0		0.0		93
0.683750117678692	0.6854202331140761	0.19565429861149505	0.19570187165880923	0.13393939393939377	0.24811834771582283	3.0	0.0	2.0	0.0	0.0	-0.9946746173066883	0.00505050505050505	0.07070707070707072	0.13636363636363635	0.38629595643467873	0.0	0.0	0.0	92
0.48926949305991313	0.4923299360854566	0.12171195550955921	0.12215154918491766	0.05878787878787882	0.15956918067315926	2.0	0.0	1.0	0.0	4294967295.0	-0.7976010493015054	0.0018181818181818182	0.030303030303030304	0.058787878787878785	0.19314797821733937		0.0		105
0.683750117678692	0.6854202331140761	0.3000032578709591	0.3000762032101742	0.1703030303030304	0.3702689188989972	4.0	0.0	2.0	0.0	1.0	-0.7052363719961308	0.013131313131313131	0.1111111111111111	0.20909090909090908	0.38629595643467873	0.0	0.0	0.0	105
0.48926949305991313	0.4923299360854566	0.2358953364515168	0.23674733244087134	0.11393939393939395	0.29876782764336207	2.0	0.0	1.0	0.0	4294967295.0	-0.470205441958191	0.007272727272727273	0.06060606060606061	0.11393939393939394	0.19314797821733937		0.0		103
0.48926949305991313	0.4923299360854566	0.12171195550955921	0.12215154918491766	0.05878787878787882	0.15956918067315926	2.0	0.0	1.0	0.0	4294967295.0	-0.7976010493015054	0.0018181818181818182	0.030303030303030304	0.058787878787878785	0.19314797821733937		0.0		97
0.8277465128678779	0.8267906928265433	0.20265288199289494	0.2020773874127062	0.17090909090909082	0.2525749877118524	4.0	0.0	3.0	0.0	0.0	-1.2482260285515345	0.005454545454545455	0.09090909090909091	0.17636363636363636	0.579443934652018	0.0	0.0	0.0	113
1.0448862968084678	1.0367645284728637	0.403735755117833	0.40039166533397796	0.39898989898989906	0.46239266220794023	8.0	0.0	5.0	0.0	1.0	-1.0918998905144761	0.034545454545454546	0.25252525252525254	0.4705050505050505	0.9657398910866968	0.0	0.0	0.0	99
1.0448862968084678	1.0367645284728637	0.3146330594842709	0.31202699552647917	0.29171717171717193	0.3706854984336129	8.0	0.0	5.0	0.0	2.0	-1.320844041154538	0.01717171717171717	0.1919191919191919	0.36666666666666664	0.9657398910866968	0.0	0.0	0.0	100
0.48926949305991313	0.4923299360854566	0.27228344686159117	0.27326686776419723	0.1315151515151514	0.3406405913661059	2.0	0.0	1.0	0.0	4294967295.0	-0.36587057807955237	0.009898989898989899	0.0707070707070707	0.1315151515151515	0.19314797821733937		0.0		93
0.683750117678692	0.6854202331140761	0.16869748413613353	0.16873850267470664	0.1157575757575758	0.21529038171034476	3.0	0.0	2.0	0.0	0.0	-1.0694461640119157	0.0036363636363636364	0.06060606060606061	0.11757575757575757	0.38629595643467873	0.0	0.0	0.0	104
0.9450083143897742	0.9407041938880998	0.38063869032926745	0.3784797075358383	0.349090909090909	0.4368878599452055	6.0	0.0	4.0	0.0	1.0	-0.9827400557931582	0.034545454545454546	0.21212121212121213	0.3896969696969697	0.7725919128693575	0.0	0.0	0.0	93
0.683750117678692	0.6854202331140761	0.19565429861149505	0.19570187165880923	0.13393939393939377	0.24811834771582283	3.0	0.0	2.0	0.0	0.0	-0.9946746173066883	0.00505050505050505	0.07070707070707072	0.13636363636363635	0.38629595643467873	0.0	0.0	0.0	103
				0.0		1.0	0.0	0.0	0.0	4294967295.0		0.0	0.0	0.0	0.0		0.0		95
1.0448862968084678	1.0367645284728637	0.26834819618823763	0.26612550362258386	0.2246464646464647	0.3205465350616675	6.0	0.0	5.0	0.0	1.0	-1.4397702828294339	0.010505050505050505	0.16161616161616163	0.3127272727272727	0.9657398910866968	0.25	1.0	0.4	88
0.8277465128678779	0.8267906928265433	0.24536551691465058	0.2446687267986603	0.20565656565656568	0.30273172286030536	4.0	0.0	3.0	0.0	0.0	-1.133115701659552	0.008686868686868687	0.1111111111111111	0.21353535353535352	0.579443934652018	0.0	0.0	0.0	116
0.683750117678692	0.6854202331140761	0.16869748413613353	0.16873850267470664	0.1157575757575758	0.21529038171034476	3.0	0.0	2.0	0.0	0.0	-1.0694461640119157	0.0036363636363636364	0.06060606060606061	0.11757575757575757	0.38629595643467873	0.0	0.0	0.0	77
0.8277465128678779	0.8267906928265433	0.22424133333921706	0.22360453177625908	0.18848484848484837	0.27825045927594133	4.0	0.0	3.0	0.0	0.0	-1.1900452655028697	0.006868686868686869	0.10101010101010102	0.19515151515151513	0.579443934652018	0.0	0.0	0.0	90
0.8277465128678779	0.8267906928265433	0.24582978468553923	0.245131676139812	0.20585858585858574	0.30392593084003033	4.0	0.0	3.0	0.0	0.0	-1.1318645024542044	0.008282828282828282	0.11111111111111113	0.21393939393939393	0.579443934652018	0.0	0.0	0.0	83
0.48926949305991313	0.4923299360854566	0.12171195550955921	0.12215154918491766	0.05878787878787882	0.15956918067315926	2.0	0.0	1.0	0.0	4294967295.0	-0.7976010493015054	0.0018181818181818182	0.030303030303030304	0.058787878787878785	0.19314797821733937		0.0		85
0.683750117678692	0.6854202331140761	0.19565429861149505	0.19570187165880923	0.13393939393939377	0.24811834771582283	3.0	0.0	2.0	0.0	0.0	-0.9946746173066883	0.00505050505050505	0.07070707070707072	0.13636363636363635	0.38629595643467873	0.0	0.0	0.0	110
0.683750117678692	0.6854202331140761	0.16869748413613353	0.16873850267470664	0.1157575757575758	0.21529038171034476	3.0	0.0	2.0	0.0	0.0	-1.0694461640119157	0.0036363636363636364	0.06060606060606061	0.11757575757575757	0.38629595643467873	0.0	0.0	0.0	93
1.0448862968084678	1.0367645284728637	0.25222650223119236	0.25013734352122713	0.2757575757575758	0.3021193946771065	6.0	0.0	5.0	0.0	0.0	-1.4811940299296786	0.00909090909090909	0.15151515151515152	0.29393939393939394	0.9657398910866968	0.0	0.0	0.0	89
