0.8277465128678779	0.8267906928265433	0.20265288199289494	0.2020773874127062	0.15333333333333338	0.2525749877118524	5.0	0.0	3.0	0.0	1.0	-1.2482260285515345	0.005454545454545455	0.09090909090909091	0.17636363636363636	0.579443934652018	0.0	0.0	0.0	5
0.683750117678692	0.6854202331140761	0.5829048807521727	0.5830466131938747	0.3707070707070707	0.657322761179457	4.0	0.0	2.0	0.0	1.0	0.07946287084582532	0.058383838383838385	0.23232323232323232	0.40626262626262627	0.38629595643467873	0.0	0.0	0.0	0
0.8277465128678779	0.8267906928265433	0.5009449247888514	0.49952233910265753	0.3907070707070708	-1.6372591402030716	5.0	0.0	3.0	0.0	1.0	-0.4443305391156788	1.5438383838383838	0.98989898989899	0.435959595959596	0.579443934652018	0.0	0.0	0.0	10
0.48926949305991313	0.4923299360854566	0.44167637463262727	0.4432716011658868	0.2133333333333334	0.5160535204748982	2.0	0.0	1.0	0.0	4294967295.0	0.11982620204514495	0.02909090909090909	0.12121212121212122	0.21333333333333335	0.19314797821733937		0.0		2
0.683750117678692	0.6854202331140761	0.2478287782412271	0.24788903743449173	0.169090909090909	0.30919363330741007	3.0	0.0	2.0	0.0	0.0	-0.8499554946514094	0.00909090909090909	0.09090909090909091	0.17272727272727273	0.38629595643467873	0.0	0.0	0.0	3
0.683750117678692	0.6854202331140761	0.4495700994761909	0.4496794117671306	0.29919191919191923	0.5351721899962827	3.0	0.0	2.0	0.0	0.0	-0.2903748870509981	0.0301010101010101	0.1717171717171717	0.31333333333333335	0.38629595643467873	0.0	0.0	0.0	4
0.683750117678692	0.6854202331140761	0.565513387542262	0.5656508912686472	0.36464646464646455	-1.8314951266777206	4.0	0.0	2.0	0.0	1.0	0.031223163294065635	1.3634343434343434	0.8787878787878788	0.3941414141414141	0.38629595643467873	0.0	0.0	0.0	3
0.8277465128678779	0.8267906928265433	0.6302434989813399	0.628453730613399	0.4903030303030305	-4.140916169696682	4.0	0.0	3.0	0.0	0.0	-0.09587156042636258	3.350505050505051	1.9494949494949494	0.5484848484848485	0.579443934652018	0.0	0.0	0.0	2
0.683750117678692	0.6854202331140761	0.3985550527271196	0.3986519607864633	0.2531313131313132	0.47715066868427486	4.0	0.0	2.0	0.0	1.0	-0.4318780292028263	0.025252525252525256	0.15151515151515152	0.2777777777777778	0.38629595643467873	0.0	0.0	0.0	3
				0.0		1.0	0.0	0.0	0.0	4294967295.0		0.0	0.0	0.0	0.0		0.0		4
0.48926949305991313	0.4923299360854566	0.27228344686159117	0.27326686776419723	0.1315151515151514	0.3406405913661059	2.0	0.0	1.0	0.0	4294967295.0	-0.36587057807955237	0.009898989898989899	0.0707070707070707	0.1315151515151515	0.19314797821733937		0.0		2
0.8277465128678779	0.8267906928265433	0.32939798344549587	0.3284625575471135	0.2721212121212121	-2.168084587190866	4.0	0.0	3.0	0.0	0.0	-0.9066486454916303	1.7537373737373738	1.0202020202020203	0.2866666666666666	0.579443934652018	0.0	0.0	0.0	2
0.8277465128678779	0.8267906928265433	0.7089368861469658	0.706923643938608	0.5058585858585858	0.7487684032876191	7.0	0.0	3.0	0.0	2.0	0.11620670488006159	0.11030303030303032	0.36363636363636365	0.616969696969697	0.579443934652018	0.0	0.0	0.0	3
0.683750117678692	0.6854202331140761	0.19565429861149505	0.19570187165880923	0.13393939393939377	0.24811834771582283	3.0	0.0	2.0	0.0	0.0	-0.9946746173066883	0.00505050505050505	0.07070707070707072	0.13636363636363635	0.38629595643467873	0.0	0.0	0.0	1
				0.0		1.0	0.0	0.0	0.0	4294967295.0		0.0	0.0	0.0	0.0		0.0		5
0.48926949305991313	0.4923299360854566	0.12171195550955921	0.12215154918491766	0.05878787878787882	0.15956918067315926	2.0	0.0	1.0	0.0	4294967295.0	-0.7976010493015054	0.0018181818181818182	0.030303030303030304	0.058787878787878785	0.19314797821733937		0.0		5
0.48926949305991313	0.4923299360854566	0.16060959077550083	0.16118967315123156	0.07757575757575756	0.2082321222968887	2.0	0.0	1.0	0.0	4294967295.0	-0.6860706775691675	0.0032323232323232323	0.04040404040404041	0.07757575757575758	0.19314797821733937		0.0		4
0.683750117678692	0.6854202331140761	0.24898821112188782	0.2490487522295069	0.16949494949494945	0.31224739758698944	3.0	0.0	2.0	0.0	0.0	-0.8467395141479588	0.008282828282828284	0.09090909090909091	0.17353535353535354	0.38629595643467873	0.0	0.0	0.0	6
0.683750117678692	0.6854202331140761	0.3521777375006911	0.35226336898585664	0.22161616161616168	0.4313442044905843	4.0	0.0	2.0	0.0	1.0	-0.560517249340852	0.01717171717171717	0.13131313131313133	0.24545454545454543	0.38629595643467873	0.0	0.0	0.0	4
				0.0		1.0	0.0	0.0	0.0	4294967295.0		0.0	0.0	0.0	0.0		0.0		4
0.48926949305991313	0.4923299360854566	0.27228344686159117	0.27326686776419723	0.1315151515151514	-4.5256535710068375	2.0	0.0	1.0	0.0	4294967295.0	-0.36587057807955237	1.7472727272727273	0.9393939393939394	0.1315151515151515	0.19314797821733937		0.0		5
0.48926949305991313	0.4923299360854566	0.12171195550955921	0.12215154918491766	0.05878787878787882	0.15956918067315926	2.0	0.0	1.0	0.0	4294967295.0	-0.7976010493015054	0.0018181818181818182	0.030303030303030304	0.058787878787878785	0.19314797821733937		0.0		3
0.683750117678692	0.6854202331140761	0.32174262438334744	0.32182085561670853	0.2187878787878788	0.38935494564636824	3.0	0.0	2.0	0.0	0.0	-0.6449367375564312	0.018181818181818184	0.12121212121212122	0.22424242424242424	0.38629595643467873	0.0	0.0	0.0	8
0.48926949305991313	0.4923299360854566	0.16060959077550083	0.16118967315123156	0.07757575757575756	0.2082321222968887	2.0	0.0	1.0	0.0	4294967295.0	-0.6860706775691675	0.0032323232323232323	0.04040404040404041	0.07757575757575758	0.19314797821733937		0.0		3
				0.0		1.0	0.0	0.0	0.0	4294967295.0		0.0	0.0	0.0	0.0		0.0		1
0.48926949305991313	0.4923299360854566	0.7628955561836288	0.7656509474683498	0.3684848484848485	-2.236231922057892	2.0	0.0	1.0	0.0	4294967295.0	1.0408512073186447	1.1668686868686868	0.7676767676767676	0.36848484848484847	0.19314797821733937		0.0		4
1.1322512091154782	1.119995944426637	0.41432744468364874	0.4098952186863113	0.47272727272727283	0.4778585809592686	7.0	0.0	6.0	0.0	0.0	-1.2034970061955603	0.027474747474747478	0.2828282828282828	0.5381818181818182	1.158887869304036	0.0	0.0	0.0	5
				0.0		1.0	0.0	0.0	0.0	4294967295.0		0.0	0.0	0.0	0.0		0.0		3
0.9450083143897742	0.9407041938880998	0.4818660869798191	0.4791329423548559	0.40444444444444455	0.5179034699236678	7.0	0.0	4.0	0.0	1.0	-0.7167464520689483	0.07232323232323233	0.2828282828282829	0.4933333333333333	0.7725919128693575	0.0	0.0	0.0	5
0.683750117678692	0.6854202331140761	0.5391362895072308	0.5392673796820522	0.34949494949494936	0.5802152131200781	4.0	0.0	2.0	0.0	1.0	-0.041940393159436436	0.06868686868686869	0.22222222222222224	0.37575757575757573	0.38629595643467873	0.0	0.0	0.0	7
0.8277465128678779	0.8267906928265433	0.26602543271919543	0.26526997247990985	0.20606060606060614	0.3260187784649442	5.0	0.0	3.0	0.0	1.0	-1.0774373370215824	0.010909090909090908	0.12121212121212122	0.2315151515151515	0.579443934652018	0.0	0.0	0.0	3
				0.0		1.0	0.0	0.0	0.0	4294967295.0		0.0	0.0	0.0	0.0		0.0		2
0.683750117678692	0.6854202331140761	0.34522114021672684	0.34530508021576567	0.2191919191919193	0.4130216188131082	4.0	0.0	2.0	0.0	1.0	-0.5798131323615557	0.022020202020202023	0.13131313131313133	0.2406060606060606	0.38629595643467873	0.0	0.0	0.0	4
1.1322512091154782	1.119995944426637	0.6449759433570164	0.6380763783378878	0.5626262626262626	0.6793606566327578	12.0	0.0	6.0	0.0	2.0	-0.6226055523582138	0.11171717171717171	0.4747474747474747	0.8377777777777778	1.158887869304036	0.0	0.0	0.0	3
0.683750117678692	0.6854202331140761	0.40087391848844106	0.40097139037649365	0.26848484848484855	0.4832581972434336	3.0	0.0	2.0	0.0	0.0	-0.42544606819592495	0.023636363636363636	0.15151515151515152	0.2793939393939394	0.38629595643467873	0.0	0.0	0.0	1
0.9450083143897742	0.9407041938880998	0.47436776130200053	0.47167714718307685	0.3822222222222223	0.5487192234124082	7.0	0.0	4.0	0.0	1.0	-0.7364496819744452	0.0395959595959596	0.26262626262626265	0.4856565656565657	0.7725919128693575	0.0	0.0	0.0	1
0.48926949305991313	0.4923299360854566	0.9385622960943328	0.9419521524775094	0.45333333333333337	0.6156427963560187	2.0	0.0	1.0	0.0	4294967295.0	1.5445367570775899	0.23353535353535354	0.3434343434343434	0.4533333333333333	0.19314797821733937		0.0		6
0.48926949305991313	0.4923299360854566	0.53327403187178	0.5352000866349486	0.25757575757575774	0.5941405663362314	2.0	0.0	1.0	0.0	4294967295.0	0.38246223870516627	0.045454545454545456	0.15151515151515152	0.25757575757575757	0.19314797821733937		0.0		9
				0.0		1.0	0.0	0.0	0.0	4294967295.0		0.0	0.0	0.0	0.0		0.0		1
0.8277465128678779	0.8267906928265433	0.32939798344549587	0.3284625575471135	0.2721212121212121	0.3994625692180359	4.0	0.0	3.0	0.0	0.0	-0.9066486454916303	0.016363636363636365	0.15151515151515152	0.2866666666666666	0.579443934652018	0.0	0.0	0.0	5
0.8277465128678779	0.8267906928265433	0.3913777308591304	0.39026629459086215	0.30464646464646467	0.4693237360319526	5.0	0.0	3.0	0.0	1.0	-0.7396135515777209	0.02303030303030303	0.18181818181818182	0.3406060606060606	0.579443934652018	0.0	0.0	0.0	2
				0.0		1.0	0.0	0.0	0.0	4294967295.0		0.0	0.0	0.0	0.0		0.0		1
0.48926949305991313	0.4923299360854566	0.5035779877440182	0.505396787692924	0.24323232323232338	0.5703749436827822	2.0	0.0	1.0	0.0	4294967295.0	0.29731539576972565	0.039595959595959594	0.1414141414141414	0.24323232323232324	0.19314797821733937		0.0		8
0.683750117678692	0.6854202331140761	0.16869748413613353	0.16873850267470664	0.1157575757575758	0.21529038171034476	3.0	0.0	2.0	0.0	0.0	-1.0694461640119157	0.0036363636363636364	0.06060606060606061	0.11757575757575757	0.38629595643467873	0.0	0.0	0.0	5
0.8277465128678779	0.8267906928265433	0.436179570749885	0.4349409060119988	0.3573737373737373	0.4949992075960417	4.0	0.0	3.0	0.0	0.0	-0.618872828261674	0.04464646464646464	0.21212121212121213	0.3795959595959596	0.579443934652018	0.0	0.0	0.0	2
				0.0		1.0	0.0	0.0	0.0	4294967295.0		0.0	0.0	0.0	0.0		0.0		3
0.48926949305991313	0.4923299360854566	0.9950266053513449	0.9986203969447393	0.48060606060606065	0.48549771992046337	2.0	0.0	1.0	0.0	4294967295.0	1.7064356837858223	0.30727272727272725	0.3939393939393939	0.4806060606060606	0.19314797821733937		0.0		0
0.683750117678692	0.6854202331140761	0.3000032578709591	0.3000762032101742	0.20343434343434336	0.3702689188989972	3.0	0.0	2.0	0.0	0.0	-0.7052363719961308	0.013131313131313131	0.1111111111111111	0.20909090909090908	0.38629595643467873	0.0	0.0	0.0	5
0.48926949305991313	0.4923299360854566	0.34255014282587287	0.3437873497678611	0.1654545454545454	0.4175959409106084	2.0	0.0	1.0	0.0	4294967295.0	-0.16439635817597417	0.016363636363636365	0.09090909090909091	0.16545454545454547	0.19314797821733937		0.0		5
				0.0		1.0	0.0	0.0	0.0	4294967295.0		0.0	0.0	0.0	0.0		0.0		4
1.0448862968084678	1.0367645284728637	0.45314094627652024	0.4493876398381359	0.42949494949494965	-1.236761096507985	8.0	0.0	5.0	0.0	2.0	-0.964956149400823	1.6941414141414142	1.1111111111111112	0.5280808080808082	0.9657398910866968	0.0	0.0	0.0	6
0.48926949305991313	0.4923299360854566	0.12171195550955921	0.12215154918491766	0.05878787878787882	0.15956918067315926	2.0	0.0	1.0	0.0	4294967295.0	-0.7976010493015054	0.0018181818181818182	0.030303030303030304	0.058787878787878785	0.19314797821733937		0.0		3
0.683750117678692	0.6854202331140761	0.2976843921096377	0.29775677362014386	0.20262626262626263	0.3641613903398385	3.0	0.0	2.0	0.0	0.0	-0.7116683330030319	0.014747474747474747	0.11111111111111112	0.20747474747474748	0.38629595643467873	0.0	0.0	0.0	4
0.683750117678692	0.6854202331140761	0.32696007234632063	0.3270395721942768	0.22060606060606056	0.40309688490447537	3.0	0.0	2.0	0.0	0.0	-0.6304648252909033	0.014545454545454545	0.12121212121212122	0.22787878787878788	0.38629595643467873	0.0	0.0	0.0	0
0.48926949305991313	0.4923299360854566	0.12171195550955921	0.12215154918491766	0.05878787878787882	0.15956918067315926	2.0	0.0	1.0	0.0	4294967295.0	-0.7976010493015054	0.0018181818181818182	0.030303030303030304	0.058787878787878785	0.19314797821733937		0.0		4
0.48926949305991313	0.4923299360854566	0.27228344686159117	0.27326686776419723	0.1315151515151514	0.3406405913661059	2.0	0.0	1.0	0.0	4294967295.0	-0.36587057807955237	0.009898989898989899	0.0707070707070707	0.1315151515151515	0.19314797821733937		0.0		2
0.683750117678692	0.6854202331140761	0.41217838907488297	0.41227860962789153	0.27939393939393947	0.47486034547459033	3.0	0.0	2.0	0.0	0.0	-0.3940902582872813	0.035959595959595955	0.16161616161616163	0.2872727272727273	0.38629595643467873	0.0	0.0	0.0	5
1.2100396725572446	1.1934377579838085	0.41870873735890257	0.41329191999735	0.46222222222222237	0.4769544479513696	10.0	0.0	7.0	0.0	2.0	-1.308411307469165	0.028888888888888895	0.3131313131313131	0.5973737373737373	1.3520358475213754	0.0	0.0	0.0	4
0.9450083143897742	0.9407041938880998	0.8204746886413138	0.8158209559015115	0.6555555555555557	-4.096507100874157	8.0	0.0	4.0	0.0	1.0	0.17300992997928674	4.17010101010101	2.505050505050505	0.8400000000000001	0.7725919128693575	0.0	0.0	0.0	3
0.9450083143897742	0.9407041938880998	0.2847390513971659	0.2831240113915058	0.2585858585858586	0.3444405994789845	6.0	0.0	4.0	0.0	1.0	-1.2347339961634625	0.011515151515151515	0.15151515151515152	0.2915151515151515	0.7725919128693575	0.0	0.0	0.0	1
0.48926949305991313	0.4923299360854566	0.6692066282312534	0.6716236381301316	0.3232323232323231	0.6790177900985503	2.0	0.0	1.0	0.0	4294967295.0	0.7722189141138741	0.08080808080808081	0.20202020202020202	0.32323232323232326	0.19314797821733937		0.0		3
0.48926949305991313	0.4923299360854566	0.5901565952714366	0.5922880958760097	0.28505050505050505	-3.099716211799881	2.0	0.0	1.0	0.0	4294967295.0	0.5455604167223486	1.3917171717171717	0.8383838383838383	0.28505050505050505	0.19314797821733937		0.0		3
0.48926949305991313	0.4923299360854566	0.12171195550955921	0.12215154918491766	0.05878787878787882	0.15956918067315926	2.0	0.0	1.0	0.0	4294967295.0	-0.7976010493015054	0.0018181818181818182	0.030303030303030304	0.058787878787878785	0.19314797821733937		0.0		3
0.48926949305991313	0.4923299360854566	0.37642872838008007	0.377788296448199	0.18181818181818177	0.4526785267323668	2.0	0.0	1.0	0.0	4294967295.0	-0.06725700215103475	0.020202020202020204	0.10101010101010101	0.18181818181818182	0.19314797821733937		0.0		2
0.8277465128678779	0.8267906928265433	0.401823755704125	0.40068265476677484	0.31676767676767686	0.4663382160826399	5.0	0.0	3.0	0.0	1.0	-0.7114615694573991	0.03414141414141414	0.19191919191919193	0.3496969696969697	0.579443934652018	0.0	0.0	0.0	5
0.8277465128678779	0.8267906928265433	0.511390949633846	0.5099386992785703	0.3880808080808083	-1.4611134631936238	5.0	0.0	3.0	0.0	1.0	-0.41617855699535705	1.4337373737373738	0.9393939393939394	0.4450505050505051	0.579443934652018	0.0	0.0	0.0	1
0.48926949305991313	0.4923299360854566	0.4094708056489982	0.4109497135808742	0.19777777777777777	0.48549771992046337	2.0	0.0	1.0	0.0	4294967295.0	0.027483851256004894	0.024444444444444446	0.1111111111111111	0.19777777777777777	0.19314797821733937		0.0		5
0.48926949305991313	0.4923299360854566	0.12171195550955921	0.12215154918491766	0.05878787878787882	0.15956918067315926	2.0	0.0	1.0	0.0	4294967295.0	-0.7976010493015054	0.0018181818181818182	0.030303030303030304	0.058787878787878785	0.19314797821733937		0.0		1
0.683750117678692	0.6854202331140761	0.8124725911229936	0.8126701426068775	0.5274747474747475	-0.2649140512535094	4.0	0.0	2.0	0.0	1.0	0.7162270105290518	0.7064646464646465	0.6363636363636364	0.5662626262626262	0.38629595643467873	0.0	0.0	0.0	2
0.683750117678692	0.6854202331140761	0.2976843921096377	0.29775677362014386	0.20262626262626263	0.3641613903398385	3.0	0.0	2.0	0.0	0.0	-0.7116683330030319	0.014747474747474747	0.11111111111111112	0.20747474747474748	0.38629595643467873	0.0	0.0	0.0	5
0.9450083143897742	0.9407041938880998	0.47791959978096726	0.475208839632867	0.41313131313131307	0.5576657324897846	7.0	0.0	4.0	0.0	1.0	-0.7271165730718412	0.03595959595959596	0.26262626262626265	0.48929292929292934	0.7725919128693575	0.0	0.0	0.0	4
0.48926949305991313	0.4923299360854566	0.44167637463262727	0.4432716011658868	0.2133333333333334	0.5160535204748982	2.0	0.0	1.0	0.0	4294967295.0	0.11982620204514495	0.02909090909090909	0.12121212121212122	0.21333333333333335	0.19314797821733937		0.0		2
0.8277465128678779	0.8267906928265433	0.26602543271919543	0.26526997247990985	0.20606060606060603	-2.301238776930211	5.0	0.0	3.0	0.0	1.0	-1.0774373370215824	1.7886868686868684	1.0101010101010102	0.2315151515151515	0.579443934652018	0.0	0.0	0.0	5
				0.0		1.0	0.0	0.0	0.0	4294967295.0		0.0	0.0	0.0	0.0		0.0		4
0.8277465128678779	0.8267906928265433	0.5271760538440601	0.5256789768777271	0.40686868686868694	0.6096431736496485	5.0	0.0	3.0	0.0	1.0	-0.37363778401353753	0.04626262626262626	0.25252525252525254	0.4587878787878788	0.579443934652018	0.0	0.0	0.0	5
0.683750117678692	0.6854202331140761	0.5921803437974584	0.592324331553996	0.3957575757575757	0.6054087684266078	3.0	0.0	2.0	0.0	0.0	0.10519071487343037	0.09232323232323233	0.25252525252525254	0.4127272727272727	0.38629595643467873	0.0	0.0	0.0	3
0.48926949305991313	0.4923299360854566	1.00380994234688	1.0074354571951973	0.48484848484848486	0.4526785267323669	2.0	0.0	1.0	0.0	4294967295.0	1.7316199612737697	0.32323232323232326	0.40404040404040403	0.48484848484848486	0.19314797821733937		0.0		3
0.8277465128678779	0.8267906928265433	0.45150040718921036	0.45021823427000407	0.3050505050505051	0.534408070926969	6.0	0.0	3.0	0.0	1.0	-0.5775832544852022	0.031313131313131314	0.21212121212121213	0.3929292929292929	0.579443934652018	0.0	0.0	0.0	2
0.48926949305991313	0.4923299360854566	0.12171195550955921	0.12215154918491766	0.05878787878787882	0.15956918067315926	2.0	0.0	1.0	0.0	4294967295.0	-0.7976010493015054	0.0018181818181818182	0.030303030303030304	0.058787878787878785	0.19314797821733937		0.0		2
0.48926949305991313	0.4923299360854566	0.12171195550955921	0.12215154918491766	0.05878787878787882	0.15956918067315926	2.0	0.0	1.0	0.0	4294967295.0	-0.7976010493015054	0.0018181818181818182	0.030303030303030304	0.058787878787878785	0.19314797821733937		0.0		2
0.8277465128678779	0.8267906928265433	0.7091690200324101	0.7071551186091838	0.535959595959596	-3.340796823280885	5.0	0.0	3.0	0.0	1.0	0.11683230448273542	2.877777777777778	1.7474747474747474	0.6171717171717171	0.579443934652018	0.0	0.0	0.0	4
0.683750117678692	0.6854202331140761	0.8727631009173507	0.8729753119476662	0.5339393939393939	-1.6330004485050622	4.0	0.0	2.0	0.0	1.0	0.8834579967084852	1.4725252525252526	1.0404040404040404	0.6082828282828283	0.38629595643467873	0.0	0.0	0.0	9
0.683750117678692	0.6854202331140761	0.6087022623468736	0.6088502673829621	0.38545454545454555	-1.5268821397896795	4.0	0.0	2.0	0.0	1.0	0.15101843704760207	1.2323232323232323	0.8282828282828283	0.42424242424242425	0.38629595643467873	0.0	0.0	0.0	3
0.683750117678692	0.6854202331140761	0.19565429861149505	0.19570187165880923	0.13393939393939377	0.24811834771582283	3.0	0.0	2.0	0.0	0.0	-0.9946746173066883	0.00505050505050505	0.07070707070707072	0.13636363636363635	0.38629595643467873	0.0	0.0	0.0	1
0.48926949305991313	0.4923299360854566	0.44167637463262727	0.4432716011658868	0.2133333333333334	0.5160535204748982	2.0	0.0	1.0	0.0	4294967295.0	0.11982620204514495	0.02909090909090909	0.12121212121212122	0.21333333333333335	0.19314797821733937		0.0		7
0.48926949305991313	0.4923299360854566	0.27228344686159117	0.27326686776419723	0.1315151515151514	0.3406405913661059	2.0	0.0	1.0	0.0	4294967295.0	-0.36587057807955237	0.009898989898989899	0.0707070707070707	0.1315151515151515	0.19314797821733937		0.0		3
				0.0		1.0	0.0	0.0	0.0	4294967295.0		0.0	0.0	0.0	0.0		0.0		2
0.48926949305991313	0.4923299360854566	0.27228344686159117	0.27326686776419723	0.1315151515151514	0.3406405913661059	2.0	0.0	1.0	0.0	4294967295.0	-0.36587057807955237	0.009898989898989899	0.0707070707070707	0.1315151515151515	0.19314797821733937		0.0		4
0.8277465128678779	0.8267906928265433	0.4436078550841034	0.44234809547042564	0.34787878787878784	0.5141065352716427	5.0	0.0	3.0	0.0	1.0	-0.5988536409761119	0.03818181818181818	0.21212121212121213	0.38606060606060605	0.579443934652018	0.0	0.0	0.0	4
0.8277465128678779	0.8267906928265433	0.48353488338052714	0.48216173880946966	0.3056565656565657	0.5570980225417452	5.0	0.0	3.0	0.0	1.0	-0.4912505093162153	0.043838383838383836	0.23232323232323235	0.4208080808080808	0.579443934652018	0.0	0.0	0.0	1
0.48926949305991313	0.4923299360854566	0.12171195550955921	0.12215154918491766	0.05878787878787882	0.15956918067315926	2.0	0.0	1.0	0.0	4294967295.0	-0.7976010493015054	0.0018181818181818182	0.030303030303030304	0.058787878787878785	0.19314797821733937		0.0		4
0.48926949305991313	0.4923299360854566	0.4094708056489982	0.4109497135808742	0.19777777777777777	0.48549771992046337	2.0	0.0	1.0	0.0	4294967295.0	0.027483851256004894	0.024444444444444446	0.1111111111111111	0.19777777777777777	0.19314797821733937		0.0		5
				0.0		1.0	0.0	0.0	0.0	4294967295.0		0.0	0.0	0.0	0.0		0.0		3
				0.0		1.0	0.0	0.0	0.0	4294967295.0		0.0	0.0	0.0	0.0		0.0		5
0.683750117678692	0.6854202331140761	0.27478559271658864	0.2748524064185944	0.1701010101010101	0.34202159931288817	4.0	0.0	2.0	0.0	1.0	-0.7751839479461821	0.010505050505050505	0.10101010101010102	0.19151515151515153	0.38629595643467873	0.0	0.0	0.0	2
0.48926949305991313	0.4923299360854566	0.12171195550955921	0.12215154918491766	0.05878787878787882	0.15956918067315926	2.0	0.0	1.0	0.0	4294967295.0	-0.7976010493015054	0.0018181818181818182	0.030303030303030304	0.058787878787878785	0.19314797821733937		0.0		4
0.683750117678692	0.6854202331140761	1.3739279635829431	1.3742620320929715	0.724848484848485	-0.8855916410780147	4.0	0.0	2.0	0.0	1.0	2.2735655693250236	1.4262626262626261	1.191919191919192	0.9575757575757575	0.38629595643467873	0.0	0.0	0.0	3
0.8277465128678779	0.8267906928265433	0.6991872629583041	0.6972017077744227	0.5292929292929294	0.5445588387546321	6.0	0.0	3.0	0.0	2.0	0.08993152156776107	0.24	0.4242424242424242	0.6084848484848484	0.579443934652018	0.0	0.0	0.0	2
0.683750117678692	0.6854202331140761	0.2730464433955975	0.2731128342260715	0.18606060606060598	0.33744095289351905	3.0	0.0	2.0	0.0	0.0	-0.7800079187013581	0.011717171717171716	0.10101010101010101	0.19030303030303028	0.38629595643467873	0.0	0.0	0.0	2
				0.0		1.0	0.0	0.0	0.0	4294967295.0		0.0	0.0	0.0	0.0		0.0		2
				0.0		1.0	0.0	0.0	0.0	4294967295.0		0.0	0.0	0.0	0.0		0.0		3
0.48926949305991313	0.4923299360854566	0.19867071775615333	0.1993882675698828	0.09595959595959605	0.2546316712869563	2.0	0.0	1.0	0.0	4294967295.0	-0.5769388084547294	0.005050505050505051	0.050505050505050504	0.09595959595959595	0.19314797821733937		0.0		8
0.8277465128678779	0.8267906928265433	1.0295137819455775	1.0265901640038397	0.6777777777777778	0.5881474300145973	7.0	0.0	3.0	0.0	2.0	0.9801597561726038	0.4979797979797979	0.6969696969696969	0.895959595959596	0.579443934652018	0.0	0.0	0.0	6
1.0448862968084678	1.0367645284728637	0.8917203625273221	0.8843343608750462	0.7224242424242425	-1.8667121747708877	12.0	0.0	5.0	0.0	2.0	0.16194793838002633	2.7991919191919195	1.9191919191919191	1.0391919191919192	0.9657398910866968	0.0	0.0	0.0	5
				0.0		1.0	0.0	0.0	0.0	4294967295.0		0.0	0.0	0.0	0.0		0.0		7
0.683750117678692	0.6854202331140761	0.19565429861149505	0.19570187165880923	0.11616161616161627	0.24811834771582283	4.0	0.0	2.0	0.0	1.0	-0.9946746173066883	0.00505050505050505	0.07070707070707072	0.13636363636363635	0.38629595643467873	0.0	0.0	0.0	5
				0.0		1.0	0.0	0.0	0.0	4294967295.0		0.0	0.0	0.0	0.0		0.0		2
0.8277465128678779	0.8267906928265433	0.6098157170622394	0.6080839596027253	0.4626262626262627	-1.1482309725056554	6.0	0.0	3.0	0.0	1.0	-0.15092432546165854	1.3076767676767678	0.9191919191919192	0.5307070707070707	0.579443934652018	0.0	0.0	0.0	3
0.683750117678692	0.6854202331140761	0.37739540265506155	0.37748716577743646	0.2381818181818181	0.4595915240766934	4.0	0.0	2.0	0.0	1.0	-0.4905696733908006	0.019797979797979797	0.1414141414141414	0.263030303030303	0.38629595643467873	0.0	0.0	0.0	2
0.8277465128678779	0.8267906928265433	0.2876138840655176	0.28679711684346276	0.20626262626262631	0.3516942500290332	6.0	0.0	3.0	0.0	2.0	-1.0192565739729174	0.012323232323232323	0.13131313131313133	0.2503030303030303	0.579443934652018	0.0	0.0	0.0	3
0.48926949305991313	0.4923299360854566	0.12171195550955921	0.12215154918491766	0.05878787878787882	0.15956918067315926	2.0	0.0	1.0	0.0	4294967295.0	-0.7976010493015054	0.0018181818181818182	0.030303030303030304	0.058787878787878785	0.19314797821733937		0.0		4
0.9450083143897742	0.9407041938880998	0.4220768059172126	0.4196827861167227	0.36868686868686856	0.4915609709736158	6.0	0.0	4.0	0.0	1.0	-0.8738537852627798	0.032525252525252527	0.23232323232323232	0.43212121212121213	0.7725919128693575	0.0	0.0	0.0	1
0.683750117678692	0.6854202331140761	0.275365309156919	0.2754322638161019	0.18686868686868693	0.34354848145267786	3.0	0.0	2.0	0.0	0.0	-0.7735759576944569	0.010101010101010102	0.10101010101010101	0.1919191919191919	0.38629595643467873	0.0	0.0	0.0	6
0.8277465128678779	0.8267906928265433	0.3289337156746072	0.3279996082059618	0.2404040404040404	-2.169278795170591	6.0	0.0	3.0	0.0	2.0	-0.9078998446969779	1.754141414141414	1.0202020202020203	0.2862626262626262	0.579443934652018	0.0	0.0	0.0	6
0.8277465128678779	0.8267906928265433	0.2885424196072949	0.2877230155257661	0.23979797979797976	0.35408266598848337	4.0	0.0	3.0	0.0	0.0	-1.016754175562222	0.011515151515151516	0.13131313131313133	0.2511111111111111	0.579443934652018	0.0	0.0	0.0	6
0.683750117678692	0.6854202331140761	0.3681199396097759	0.36820944741731515	0.24989898989898998	0.43516140984005863	3.0	0.0	2.0	0.0	0.0	-0.5162975174184057	0.026262626262626265	0.1414141414141414	0.25656565656565655	0.38629595643467873	0.0	0.0	0.0	1
				0.0		1.0	0.0	0.0	0.0	4294967295.0		0.0	0.0	0.0	0.0		0.0		6
0.9450083143897742	0.9407041938880998	0.44003332267198886	0.43753745350177264	0.38404040404040396	0.5119391305387505	6.0	0.0	4.0	0.0	1.0	-0.8266697346996158	0.03434343434343434	0.24242424242424243	0.4505050505050505	0.7725919128693575	0.0	0.0	0.0	6
0.8277465128678779	0.8267906928265433	0.3087380676409511	0.307861311865864	0.18888888888888886	0.37617551361339724	5.0	0.0	3.0	0.0	1.0	-0.9623270101295999	0.01414141414141414	0.1414141414141414	0.2686868686868687	0.579443934652018	0.0	0.0	0.0	1
0.48926949305991313	0.4923299360854566	0.44167637463262727	0.4432716011658868	0.2133333333333334	0.5160535204748982	2.0	0.0	1.0	0.0	4294967295.0	0.11982620204514495	0.02909090909090909	0.12121212121212122	0.21333333333333335	0.19314797821733937		0.0		7
1.280192013892186	1.2591029260400894	0.5950604981271492	0.5861227403072261	0.6383838383838385	0.6357071110661379	17.0	0.0	8.0	0.0	3.0	-0.9776955197362894	0.08767676767676769	0.5050505050505051	0.9224242424242426	1.545183825738715	0.0	0.0	0.0	3
0.683750117678692	0.6854202331140761	0.22261111308685663	0.22266524064291188	0.1519191919191918	0.28094631372130097	3.0	0.0	2.0	0.0	0.0	-0.9199030706014608	0.006464646464646465	0.08080808080808081	0.15515151515151515	0.38629595643467873	0.0	0.0	0.0	6
				0.0		1.0	0.0	0.0	0.0	4294967295.0		0.0	0.0	0.0	0.0		0.0		2
0.8277465128678779	0.8267906928265433	0.2876138840655176	0.28679711684346276	0.2393939393939393	0.3516942500290332	4.0	0.0	3.0	0.0	0.0	-1.0192565739729174	0.012323232323232323	0.13131313131313133	0.2503030303030303	0.579443934652018	0.0	0.0	0.0	6
0.8277465128678779	0.8267906928265433	0.34680802485382023	0.3458231578403014	0.28666666666666674	0.4143901689645994	4.0	0.0	3.0	0.0	0.0	-0.8597286752910939	0.021414141414141413	0.16161616161616163	0.3018181818181818	0.579443934652018	0.0	0.0	0.0	0
0.48926949305991313	0.4923299360854566	0.19867071775615333	0.1993882675698828	0.09595959595959605	0.2546316712869563	2.0	0.0	1.0	0.0	4294967295.0	-0.5769388084547294	0.005050505050505051	0.050505050505050504	0.09595959595959595	0.19314797821733937		0.0		4
0.683750117678692	0.6854202331140761	0.3510183046200305	0.3511036541908415	0.23656565656565665	0.4282904402110051	3.0	0.0	2.0	0.0	0.0	-0.5637332298443025	0.01797979797979798	0.13131313131313133	0.24464646464646467	0.38629595643467873	0.0	0.0	0.0	5
0.8277465128678779	0.8267906928265433	0.7070798150634113	0.7050718465740013	0.5555555555555557	0.3260187784649447	6.0	0.0	3.0	0.0	1.0	0.11120190805867136	0.3947474747474748	0.505050505050505	0.6153535353535354	0.579443934652018	0.0	0.0	0.0	3
0.683750117678692	0.6854202331140761	0.47391818997006585	0.4740334224624491	0.3206060606060605	-2.0727425047644896	3.0	0.0	2.0	0.0	0.0	-0.22283929647853473	1.4272727272727272	0.8787878787878788	0.3303030303030303	0.38629595643467873	0.0	0.0	0.0	6
0.683750117678692	0.6854202331140761	0.7521820813286365	0.7523649732660889	0.4919191919191919	-0.7290862217495724	4.0	0.0	2.0	0.0	1.0	0.5489960243496184	0.9101010101010101	0.7171717171717172	0.5242424242424242	0.38629595643467873	0.0	0.0	0.0	4
0.48926949305991313	0.4923299360854566	0.6173431145433312	0.6195728061750463	0.2981818181818183	0.651857078494608	2.0	0.0	1.0	0.0	4294967295.0	0.6235117518040899	0.06545454545454546	0.18181818181818182	0.29818181818181816	0.19314797821733937		0.0		6
0.683750117678692	0.6854202331140761	0.2478287782412271	0.24788903743449173	0.1157575757575758	0.30919363330741007	3.0	0.0	2.0	0.0	0.0	-0.8499554946514094	0.00909090909090909	0.09090909090909091	0.17272727272727273	0.38629595643467873	0.0	0.0	0.0	4
0.48926949305991313	0.4923299360854566	0.2358953364515168	0.23674733244087134	0.11393939393939395	0.29876782764336207	2.0	0.0	1.0	0.0	4294967295.0	-0.470205441958191	0.007272727272727273	0.06060606060606061	0.11393939393939394	0.19314797821733937		0.0		6
0.48926949305991313	0.4923299360854566	0.12171195550955921	0.12215154918491766	0.05878787878787882	0.15956918067315926	2.0	0.0	1.0	0.0	4294967295.0	-0.7976010493015054	0.0018181818181818182	0.030303030303030304	0.058787878787878785	0.19314797821733937		0.0		5
0.8277465128678779	0.8267906928265433	0.35052216702092936	0.3495267525695147	0.2882828282828284	0.4239438328023999	4.0	0.0	3.0	0.0	0.0	-0.8497190816483129	0.01818181818181818	0.16161616161616163	0.305050505050505	0.579443934652018	0.0	0.0	0.0	5
0.683750117678692	0.6854202331140761	0.275365309156919	0.2754322638161019	0.18686868686868693	0.34354848145267786	3.0	0.0	2.0	0.0	0.0	-0.7735759576944569	0.010101010101010102	0.10101010101010101	0.1919191919191919	0.38629595643467873	0.0	0.0	0.0	1
0.8277465128678779	0.8267906928265433	0.22424133333921706	0.22360453177625908	0.18848484848484837	0.27825045927594133	4.0	0.0	3.0	0.0	0.0	-1.1900452655028697	0.006868686868686868	0.10101010101010102	0.19515151515151513	0.579443934652018	0.0	0.0	0.0	2
0.8277465128678779	0.8267906928265433	0.6847949620607562	0.6828502781987209	0.5347474747474747	-0.3881175934106478	5.0	0.0	3.0	0.0	1.0	0.051144346201984825	0.8585858585858586	0.7272727272727273	0.595959595959596	0.579443934652018	0.0	0.0	0.0	4
0.48926949305991313	0.4923299360854566	0.2358953364515168	0.23674733244087134	0.11393939393939395	0.29876782764336207	2.0	0.0	1.0	0.0	4294967295.0	-0.470205441958191	0.007272727272727273	0.06060606060606061	0.11393939393939394	0.19314797821733937		0.0		1
0.9450083143897742	0.9407041938880998	0.7297054830677195	0.7255665932957646	0.5703030303030303	0.744548366550532	9.0	0.0	4.0	0.0	2.0	-0.06550285308725674	0.14181818181818182	0.4444444444444445	0.747070707070707	0.7725919128693575	0.0	0.0	0.0	4
1.0448862968084678	1.0367645284728637	0.6225054085994582	0.6173492787523893	0.6008080808080808	0.6603772868048524	7.0	0.0	5.0	0.0	1.0	-0.5297840965305112	0.10282828282828282	0.41414141414141414	0.7254545454545454	0.9657398910866968	0.0	0.0	0.0	2
0.9450083143897742	0.9407041938880998	0.38655842112754535	0.3843658616188218	0.33777777777777773	0.4517987084074992	7.0	0.0	4.0	0.0	1.0	-0.9671848742888184	0.028484848484848488	0.21212121212121213	0.39575757575757575	0.7725919128693575	0.0	0.0	0.0	8
0.8277465128678779	0.8267906928265433	0.3092023354118397	0.30832426120701567	0.22383838383838398	0.3773697215931222	6.0	0.0	3.0	0.0	1.0	-0.9610758109242523	0.013737373737373737	0.14141414141414144	0.2690909090909091	0.579443934652018	0.0	0.0	0.0	6
0.48926949305991313	0.4923299360854566	0.19867071775615333	0.1993882675698828	0.09595959595959605	0.2546316712869563	2.0	0.0	1.0	0.0	4294967295.0	-0.5769388084547294	0.005050505050505051	0.050505050505050504	0.09595959595959595	0.19314797821733937		0.0		3
				0.0		1.0	0.0	0.0	0.0	4294967295.0		0.0	0.0	0.0	0.0		0.0		3
0.48926949305991313	0.4923299360854566	0.12171195550955921	0.12215154918491766	0.05878787878787882	0.15956918067315926	2.0	0.0	1.0	0.0	4294967295.0	-0.7976010493015054	0.0018181818181818182	0.030303030303030304	0.058787878787878785	0.19314797821733937		0.0		4
0.48926949305991313	0.4923299360854566	0.2358953364515168	0.23674733244087134	0.11393939393939395	0.29876782764336207	2.0	0.0	1.0	0.0	4294967295.0	-0.470205441958191	0.007272727272727273	0.06060606060606061	0.11393939393939394	0.19314797821733937		0.0		1
1.1322512091154782	1.119995944426637	0.42319255892800606	0.4186654992663112	0.43212121212121224	0.48050494968293533	10.0	0.0	6.0	0.0	1.0	-1.1811700925956083	0.03616161616161616	0.29292929292929293	0.5496969696969697	1.158887869304036	0.0	0.0	0.0	6
1.1322512091154782	1.119995944426637	0.6516636611203035	0.6446925549157825	0.6115151515151516	-0.7976911438481458	13.0	0.0	6.0	0.0	2.0	-0.6057624420986009	1.698989898989899	1.2727272727272727	0.8464646464646466	1.158887869304036	0.0	0.0	0.0	8
0.683750117678692	0.6854202331140761	0.43333803914694097	0.4334434046369183	0.29353535353535365	0.4924194900821716	3.0	0.0	2.0	0.0	0.0	-0.33539861409930716	0.04141414141414141	0.1717171717171717	0.302020202020202	0.38629595643467873	0.0	0.0	0.0	3
				0.0		1.0	0.0	0.0	0.0	4294967295.0		0.0	0.0	0.0	0.0		0.0		4
0.683750117678692	0.6854202331140761	0.24898821112188782	0.2490487522295069	0.16949494949494945	0.31224739758698944	3.0	0.0	2.0	0.0	0.0	-0.8467395141479588	0.008282828282828284	0.09090909090909091	0.17353535353535354	0.38629595643467873	0.0	0.0	0.0	5
0.9450083143897742	0.9407041938880998	0.28434440267728067	0.2827316011193069	0.27434343434343444	0.34344654291483157	5.0	0.0	4.0	0.0	0.0	-1.2357710082637516	0.01191919191919192	0.15151515151515152	0.2911111111111111	0.7725919128693575	0.0	0.0	0.0	0
				0.0		1.0	0.0	0.0	0.0	4294967295.0		0.0	0.0	0.0	0.0		0.0		3
				0.0		1.0	0.0	0.0	0.0	4294967295.0		0.0	0.0	0.0	0.0		0.0		1
0.683750117678692	0.6854202331140761	0.2478287782412271	0.24788903743449173	0.1521212121212122	0.30919363330741007	4.0	0.0	2.0	0.0	1.0	-0.8499554946514094	0.00909090909090909	0.09090909090909091	0.17272727272727273	0.38629595643467873	0.0	0.0	0.0	3
0.683750117678692	0.6854202331140761	0.4539179727786686	0.45402834224843747	0.2939393939393941	0.5084517525499632	4.0	0.0	2.0	0.0	1.0	-0.2783149601630584	0.04727272727272727	0.18181818181818182	0.31636363636363635	0.38629595643467873	0.0	0.0	0.0	5
0.683750117678692	0.6854202331140761	0.5330492668837622	0.5331788770082225	0.3533333333333332	0.6023550041470286	3.0	0.0	2.0	0.0	0.0	-0.05882429080255218	0.05272727272727273	0.21212121212121213	0.3715151515151515	0.38629595643467873	0.0	0.0	0.0	2
0.48926949305991313	0.4923299360854566	0.12171195550955921	0.12215154918491766	0.05878787878787882	0.15956918067315926	2.0	0.0	1.0	0.0	4294967295.0	-0.7976010493015054	0.0018181818181818182	0.030303030303030304	0.058787878787878785	0.19314797821733937		0.0		3
0.683750117678692	0.6854202331140761	0.3750765368937402	0.37516773618740623	0.25232323232323245	-2.676624391051308	3.0	0.0	2.0	0.0	0.0	-0.49700163439770173	1.677979797979798	0.9696969696969697	0.26141414141414143	0.38629595643467873	0.0	0.0	0.0	3
0.683750117678692	0.6854202331140761	0.19565429861149505	0.19570187165880923	0.13393939393939377	-3.2637105738004397	3.0	0.0	2.0	0.0	0.0	-0.9946746173066883	1.8636363636363635	1.0	0.13636363636363635	0.38629595643467873	0.0	0.0	0.0	5
0.48926949305991313	0.4923299360854566	0.16060959077550083	0.16118967315123156	0.07757575757575756	0.2082321222968887	2.0	0.0	1.0	0.0	4294967295.0	-0.6860706775691675	0.0032323232323232323	0.04040404040404041	0.07757575757575758	0.19314797821733937		0.0		1
				0.0		1.0	0.0	0.0	0.0	4294967295.0		0.0	0.0	0.0	0.0		0.0		5
0.683750117678692	0.6854202331140761	0.22203139664652627	0.22208538324540428	0.11616161616161627	0.27941943158151133	4.0	0.0	2.0	0.0	1.0	-0.9215110608531861	0.0068686868686868695	0.0808080808080808	0.15474747474747474	0.38629595643467873	0.0	0.0	0.0	4
0.8277465128678779	0.8267906928265433	0.28622108075285163	0.28540826882000775	0.23878787878787874	0.34811162608985796	4.0	0.0	3.0	0.0	0.0	-1.0230101715889603	0.013535353535353536	0.13131313131313133	0.24909090909090909	0.579443934652018	0.0	0.0	0.0	3
0.8277465128678779	0.8267906928265433	0.26695396826097273	0.2661958711622132	0.18929292929292932	0.32840719442439437	5.0	0.0	3.0	0.0	1.0	-1.074934938610887	0.010101010101010102	0.12121212121212122	0.23232323232323232	0.579443934652018	0.0	0.0	0.0	4
0.8277465128678779	0.8267906928265433	0.3486650959373748	0.34767495520490804	0.28747474747474766	0.41916700088349973	4.0	0.0	3.0	0.0	0.0	-0.8547238784697033	0.0197979797979798	0.16161616161616163	0.30343434343434345	0.579443934652018	0.0	0.0	0.0	2
				0.0		1.0	0.0	0.0	0.0	4294967295.0		0.0	0.0	0.0	0.0		0.0		5
0.8277465128678779	0.8267906928265433	0.7646490186536037	0.7624775648768091	0.5208080808080808	0.7726525628821208	6.0	0.0	3.0	0.0	1.0	0.2663506095217781	0.14262626262626263	0.40404040404040403	0.6654545454545455	0.579443934652018	0.0	0.0	0.0	3
0.8277465128678779	0.8267906928265433	0.5334436687510568	0.5319287929832748	0.42202020202020224	0.5361993828965567	5.0	0.0	3.0	0.0	1.0	-0.3567465947413445	0.10141414141414141	0.2828282828282828	0.46424242424242423	0.579443934652018	0.0	0.0	0.0	4
0.48926949305991313	0.4923299360854566	0.19867071775615333	0.1993882675698828	0.09595959595959605	0.2546316712869563	2.0	0.0	1.0	0.0	4294967295.0	-0.5769388084547294	0.005050505050505051	0.050505050505050504	0.09595959595959595	0.19314797821733937		0.0		5
1.0448862968084678	1.0367645284728637	0.4089363015555896	0.40554913633441564	0.4276767676767676	0.4752488066622853	6.0	0.0	5.0	0.0	0.0	-1.078537391449881	0.028484848484848488	0.25252525252525254	0.4765656565656566	0.9657398910866968	0.0	0.0	0.0	3
0.683750117678692	0.6854202331140761	0.22203139664652627	0.22208538324540428	0.15171717171717172	0.27941943158151133	3.0	0.0	2.0	0.0	0.0	-0.9215110608531861	0.0068686868686868695	0.0808080808080808	0.15474747474747474	0.38629595643467873	0.0	0.0	0.0	1
0.48926949305991313	0.4923299360854566	0.12171195550955921	0.12215154918491766	0.05878787878787882	0.15956918067315926	2.0	0.0	1.0	0.0	4294967295.0	-0.7976010493015054	0.0018181818181818182	0.030303030303030304	0.058787878787878785	0.19314797821733937		0.0		2
0.683750117678692	0.6854202331140761	0.22261111308685663	0.22266524064291188	0.11636363636363645	-3.2308826077949617	4.0	0.0	2.0	0.0	1.0	-0.9199030706014608	1.865050505050505	1.0101010101010102	0.15515151515151515	0.38629595643467873	0.0	0.0	0.0	5
0.683750117678692	0.6854202331140761	0.6087022623468736	0.6088502673829621	0.4064646464646465	0.6107528559158719	3.0	0.0	2.0	0.0	0.0	0.15101843704760207	0.10101010101010102	0.2626262626262626	0.42424242424242425	0.38629595643467873	0.0	0.0	0.0	1
0.8277465128678779	0.8267906928265433	0.5037305314141833	0.5023000351495676	0.4034343434343434	0.5791908701666592	4.0	0.0	3.0	0.0	0.0	-0.4368233438835932	0.04646464646464646	0.24242424242424243	0.4383838383838384	0.579443934652018	0.0	0.0	0.0	5
0.683750117678692	0.6854202331140761	0.16869748413613353	0.16873850267470664	0.1157575757575758	0.21529038171034476	3.0	0.0	2.0	0.0	0.0	-1.0694461640119157	0.0036363636363636364	0.06060606060606061	0.11757575757575757	0.38629595643467873	0.0	0.0	0.0	2
0.48926949305991313	0.4923299360854566	0.16060959077550083	0.16118967315123156	0.07757575757575756	0.2082321222968887	2.0	0.0	1.0	0.0	4294967295.0	-0.6860706775691675	0.0032323232323232323	0.04040404040404041	0.07757575757575758	0.19314797821733937		0.0		3
0.683750117678692	0.6854202331140761	0.24898821112188782	0.2490487522295069	0.16949494949494945	0.31224739758698944	3.0	0.0	2.0	0.0	0.0	-0.8467395141479588	0.008282828282828284	0.09090909090909091	0.17353535353535354	0.38629595643467873	0.0	0.0	0.0	7
				0.0		1.0	0.0	0.0	0.0	4294967295.0		0.0	0.0	0.0	0.0		0.0		5
0.48926949305991313	0.4923299360854566	0.4094708056489982	0.4109497135808742	0.19777777777777777	-3.9281179157201125	2.0	0.0	1.0	0.0	4294967295.0	0.027483851256004894	1.6002020202020202	0.898989898989899	0.19777777777777777	0.19314797821733937		0.0		3
0.8277465128678779	0.8267906928265433	0.3275409123619413	0.32661076018250684	0.22282828282828285	0.3946857372991357	4.0	0.0	3.0	0.0	0.0	-0.9116534423130207	0.017979797979797978	0.15151515151515155	0.28505050505050505	0.579443934652018	0.0	0.0	0.0	2
0.48926949305991313	0.4923299360854566	0.16060959077550083	0.16118967315123156	0.07757575757575756	0.2082321222968887	2.0	0.0	1.0	0.0	4294967295.0	-0.6860706775691675	0.0032323232323232323	0.04040404040404041	0.07757575757575758	0.19314797821733937		0.0		7
0.48926949305991313	0.4923299360854566	0.12171195550955921	0.12215154918491766	0.05878787878787882	0.15956918067315926	2.0	0.0	1.0	0.0	4294967295.0	-0.7976010493015054	0.0018181818181818182	0.030303030303030304	0.058787878787878785	0.19314797821733937		0.0		4
0.8277465128678779	0.8267906928265433	0.3711820828254742	0.37012799825076426	0.27414141414141413	-2.120316268001863	5.0	0.0	3.0	0.0	1.0	-0.7940407170103431	1.7577777777777779	1.0404040404040404	0.323030303030303	0.579443934652018	0.0	0.0	0.0	3
				0.0		1.0	0.0	0.0	0.0	4294967295.0		0.0	0.0	0.0	0.0		0.0		1
0.683750117678692	0.6854202331140761	0.4391352035502445	0.43924197861199404	0.29555555555555557	-2.3170436471308387	3.0	0.0	2.0	0.0	0.0	-0.3193187115820541	1.5323232323232323	0.9191919191919192	0.30606060606060603	0.38629595643467873	0.0	0.0	0.0	6
0.8277465128678779	0.8267906928265433	0.8886085134808728	0.8860850389643063	0.6056565656565656	0.6735333005649401	6.0	0.0	3.0	0.0	1.0	0.6004207973495969	0.3175757575757575	0.5454545454545454	0.7733333333333334	0.579443934652018	0.0	0.0	0.0	1
0.8277465128678779	0.8267906928265433	0.5742992325892579	0.5726683350046222	0.4436363636363637	-1.5082846783927641	5.0	0.0	3.0	0.0	1.0	-0.24664106467075256	1.5204040404040404	1.0101010101010102	0.4997979797979798	0.579443934652018	0.0	0.0	0.0	4
				0.0		1.0	0.0	0.0	0.0	4294967295.0		0.0	0.0	0.0	0.0		0.0		6
0.8277465128678779	0.8267906928265433	0.731918140805954	0.7298396363256159	0.5614141414141415	0.5988953018321228	5.0	0.0	3.0	0.0	1.0	0.1781410655447696	0.23171717171717174	0.43434343434343436	0.636969696969697	0.579443934652018	0.0	0.0	0.0	6
0.9450083143897742	0.9407041938880998	0.5858560246695672	0.5825330490792658	0.4664646464646466	0.6555803040588464	9.0	0.0	4.0	0.0	2.0	-0.4434937636427129	0.06686868686868687	0.33333333333333337	0.5997979797979798	0.7725919128693575	0.0	0.0	0.0	1
0.8277465128678779	0.8267906928265433	0.737025086285729	0.7349320790782844	0.5385858585858586	0.7911627865678592	6.0	0.0	3.0	0.0	1.0	0.19190425680359366	0.10606060606060606	0.37373737373737376	0.6414141414141414	0.579443934652018	0.0	0.0	0.0	9
				0.0		1.0	0.0	0.0	0.0	4294967295.0		0.0	0.0	0.0	0.0		0.0		1
0.48926949305991313	0.4923299360854566	0.37642872838008007	0.377788296448199	0.18181818181818177	0.4526785267323668	2.0	0.0	1.0	0.0	4294967295.0	-0.06725700215103475	0.020202020202020204	0.10101010101010101	0.18181818181818182	0.19314797821733937		0.0		4
0.683750117678692	0.6854202331140761	0.22203139664652627	0.22208538324540428	0.15171717171717172	0.27941943158151133	3.0	0.0	2.0	0.0	0.0	-0.9215110608531861	0.0068686868686868695	0.0808080808080808	0.15474747474747474	0.38629595643467873	0.0	0.0	0.0	4
				0.0		1.0	0.0	0.0	0.0	4294967295.0		0.0	0.0	0.0	0.0		0.0		2
0.683750117678692	0.6854202331140761	0.4602948536223025	0.4604067736210209	0.30949494949494966	-5.7349693170500355	3.0	0.0	2.0	0.0	0.0	-0.26062706739407976	3.355959595959596	1.8383838383838385	0.3208080808080808	0.38629595643467873	0.0	0.0	0.0	3
0.8277465128678779	0.8267906928265433	0.7210078481900707	0.7189603268085516	0.536969696969697	0.7798178107604711	5.0	0.0	3.0	0.0	1.0	0.1487378842191003	0.0997979797979798	0.36363636363636365	0.6274747474747475	0.579443934652018	0.0	0.0	0.0	3
