0.683750117678692	0.6854202331140761	0.862038346771239	0.8622479500937759	0.5525252525252525	0.13283874616170213	4.0	0.0	2.0	0.0	1.0	0.8537101770515666	0.5305050505050506	0.5656565656565656	0.6008080808080808	0.38629595643467873	0.0	0.0	0.0	5
0.683750117678692	0.6854202331140761	0.16869748413613353	0.16873850267470664	0.1157575757575758	0.21529038171034476	3.0	0.0	2.0	0.0	0.0	-1.0694461640119157	0.0036363636363636364	0.06060606060606061	0.11757575757575757	0.38629595643467873	0.0	0.0	0.0	3
0.683750117678692	0.6854202331140761	0.3000032578709591	0.3000762032101742	0.20343434343434336	0.3702689188989972	3.0	0.0	2.0	0.0	0.0	-0.7052363719961308	0.013131313131313131	0.1111111111111111	0.20909090909090908	0.38629595643467873	0.0	0.0	0.0	4
0.683750117678692	0.6854202331140761	0.666384048159744	0.6665460784349666	0.4402020202020203	-1.336785313385864	3.0	0.0	2.0	0.0	0.0	0.3110134670942713	1.1719191919191918	0.8181818181818181	0.46444444444444444	0.38629595643467873	0.0	0.0	0.0	5
0.8277465128678779	0.8267906928265433	0.4473219972512126	0.44605169019963903	0.34949494949494936	-1.8647557603406975	5.0	0.0	3.0	0.0	1.0	-0.5888440473333307	1.6511111111111112	1.02020202020202	0.3892929292929293	0.579443934652018	0.0	0.0	0.0	5
0.683750117678692	0.6854202331140761	0.8643572125325605	0.8645673796838063	0.5391919191919193	-0.395462474205527	4.0	0.0	2.0	0.0	1.0	0.860142138058468	0.8117171717171716	0.7070707070707071	0.6024242424242424	0.38629595643467873	0.0	0.0	0.0	4
0.48926949305991313	0.4923299360854566	0.16060959077550083	0.16118967315123156	0.07757575757575756	0.2082321222968887	2.0	0.0	1.0	0.0	4294967295.0	-0.6860706775691675	0.0032323232323232323	0.04040404040404041	0.07757575757575758	0.19314797821733937		0.0		1
0.48926949305991313	0.4923299360854566	1.0305782074761303	1.0343004027204026	0.4977777777777777	0.2987678276433621	2.0	0.0	1.0	0.0	4294967295.0	1.8083720450465612	0.39111111111111113	0.4444444444444444	0.49777777777777776	0.19314797821733937		0.0		4
0.683750117678692	0.6854202331140761	0.22203139664652627	0.22208538324540428	0.13434343434343424	0.27941943158151133	4.0	0.0	2.0	0.0	1.0	-0.9215110608531861	0.0068686868686868695	0.0808080808080808	0.15474747474747474	0.38629595643467873	0.0	0.0	0.0	1
				0.0		1.0	0.0	0.0	0.0	4294967295.0		0.0	0.0	0.0	0.0		0.0		5
0.9450083143897742	0.9407041938880998	0.8784880504644369	0.8735052659147496	0.6763636363636364	0.025845470667975646	8.0	0.0	4.0	0.0	2.0	0.3254507087218163	0.8783838383838384	0.888888888888889	0.8993939393939394	0.7725919128693575	0.0	0.0	0.0	4
0.8277465128678779	0.8267906928265433	0.8259323644109051	0.8235868779088301	0.6036363636363636	0.6914464202608156	5.0	0.0	3.0	0.0	1.0	0.43150890462766567	0.2509090909090909	0.48484848484848486	0.7187878787878788	0.579443934652018	0.0	0.0	0.0	2
0.683750117678692	0.6854202331140761	0.6185574418324896	0.618707843140591	0.39979797979797976	0.6367098522922963	4.0	0.0	2.0	0.0	1.0	0.17835427132693243	0.09414141414141415	0.26262626262626265	0.4311111111111111	0.38629595643467873	0.0	0.0	0.0	7
0.48926949305991313	0.4923299360854566	1.038943290329021	1.0426956981970292	0.5018181818181817	0.2082321222968888	2.0	0.0	1.0	0.0	4294967295.0	1.8323570712255588	0.42747474747474745	0.46464646464646464	0.5018181818181818	0.19314797821733937		0.0		0
				0.0		1.0	0.0	0.0	0.0	4294967295.0		0.0	0.0	0.0	0.0		0.0		4
0.9450083143897742	0.9407041938880998	0.9805047445547591	0.9749433212781652	0.7072727272727274	0.35736333481297256	11.0	0.0	4.0	0.0	3.0	0.5935183366466052	0.7133333333333333	0.8585858585858587	1.003838383838384	0.7725919128693575	0.0	0.0	0.0	2
0.8277465128678779	0.8267906928265433	0.26695396826097273	0.2661958711622132	0.22282828282828285	0.32840719442439437	4.0	0.0	3.0	0.0	0.0	-1.074934938610887	0.010101010101010102	0.12121212121212122	0.23232323232323232	0.579443934652018	0.0	0.0	0.0	2
0.8277465128678779	0.8267906928265433	0.4018237557041251	0.4006826547667749	0.31676767676767686	-1.8026569453949937	5.0	0.0	3.0	0.0	1.0	-0.711461569457399	1.5694949494949495	0.9595959595959596	0.34969696969696973	0.579443934652018	0.0	0.0	0.0	6
0.8277465128678779	0.8267906928265433	0.5281045893858374	0.5266048755600305	0.4185858585858586	0.5523211906228452	5.0	0.0	3.0	0.0	1.0	-0.3711353856028422	0.08585858585858587	0.2727272727272727	0.4595959595959596	0.579443934652018	0.0	0.0	0.0	5
0.8277465128678779	0.8267906928265433	0.9306247467462954	0.9279819543385329	0.6458585858585859	0.8114643222231853	6.0	0.0	3.0	0.0	1.0	0.7136543254335574	0.2608080808080808	0.5353535353535354	0.8098989898989899	0.579443934652018	0.0	0.0	0.0	8
0.48926949305991313	0.4923299360854566	0.53327403187178	0.5352000866349486	0.25757575757575774	-3.366796542571978	2.0	0.0	1.0	0.0	4294967295.0	0.38246223870516627	1.4595959595959596	0.8585858585858586	0.25757575757575757	0.19314797821733937		0.0		3
0.683750117678692	0.6854202331140761	0.22203139664652627	0.22208538324540428	0.15171717171717172	0.27941943158151133	3.0	0.0	2.0	0.0	0.0	-0.9215110608531861	0.0068686868686868695	0.0808080808080808	0.15474747474747474	0.38629595643467873	0.0	0.0	0.0	4
0.48926949305991313	0.4923299360854566	0.16060959077550083	0.16118967315123156	0.07757575757575756	0.2082321222968887	2.0	0.0	1.0	0.0	4294967295.0	-0.6860706775691675	0.0032323232323232323	0.04040404040404041	0.07757575757575758	0.19314797821733937		0.0		3
0.683750117678692	0.6854202331140761	0.19565429861149505	0.19570187165880923	0.13393939393939377	0.24811834771582283	3.0	0.0	2.0	0.0	0.0	-0.9946746173066883	0.00505050505050505	0.07070707070707072	0.13636363636363635	0.38629595643467873	0.0	0.0	0.0	2
0.48926949305991313	0.4923299360854566	0.16060959077550083	0.16118967315123156	0.07757575757575756	0.2082321222968887	2.0	0.0	1.0	0.0	4294967295.0	-0.6860706775691675	0.0032323232323232323	0.04040404040404041	0.07757575757575758	0.19314797821733937		0.0		2
0.683750117678692	0.6854202331140761	0.6278329048777753	0.6279855615007124	0.4224242424242425	0.584795859539447	3.0	0.0	2.0	0.0	0.0	0.2040821153545375	0.1280808080808081	0.2828282828282829	0.43757575757575756	0.38629595643467873	0.0	0.0	0.0	5
0.48926949305991313	0.4923299360854566	0.19867071775615333	0.1993882675698828	0.09595959595959605	0.2546316712869563	2.0	0.0	1.0	0.0	4294967295.0	-0.5769388084547294	0.005050505050505051	0.050505050505050504	0.09595959595959595	0.19314797821733937		0.0		5
1.0448862968084678	1.0367645284728637	0.3928146075985443	0.38956097623305885	0.3856565656565657	-1.514453816721836	8.0	0.0	5.0	0.0	1.0	-1.1199611385501256	1.8856565656565658	1.1717171717171717	0.4577777777777778	0.9657398910866968	0.0	0.0	0.0	6
0.48926949305991313	0.4923299360854566	0.5035779877440182	0.505396787692924	0.24323232323232338	-3.503731796908519	2.0	0.0	1.0	0.0	4294967295.0	0.29731539576972565	1.4941414141414142	0.8686868686868687	0.24323232323232324	0.19314797821733937		0.0		2
0.8277465128678779	0.8267906928265433	0.7581492698611626	0.7559962741006856	0.5789898989898989	0.21854006028968798	4.0	0.0	3.0	0.0	0.0	0.2488338206469111	0.511919191919192	0.5858585858585859	0.6597979797979798	0.579443934652018	0.0	0.0	0.0	3
0.683750117678692	0.6854202331140761	0.5582669320381326	0.5584026737998024	0.34363636363636363	0.6306023237331375	4.0	0.0	2.0	0.0	1.0	0.011123285147499011	0.055353535353535356	0.2222222222222222	0.38909090909090904	0.38629595643467873	0.0	0.0	0.0	5
0.683750117678692	0.6854202331140761	0.3510183046200305	0.3511036541908415	0.23656565656565665	-2.7781620533473217	3.0	0.0	2.0	0.0	0.0	-0.5637332298443025	1.7149494949494948	0.9797979797979798	0.24464646464646467	0.38629595643467873	0.0	0.0	0.0	7
0.9450083143897742	0.9407041938880998	1.1914444853333939	1.1846866117684767	0.7905050505050505	0.7147266696259446	11.0	0.0	4.0	0.0	3.0	1.147801304251245	0.6387878787878789	0.9292929292929293	1.2197979797979797	0.7725919128693575	0.0	0.0	0.0	6
0.683750117678692	0.6854202331140761	0.7089932065240252	0.709165597151774	0.4668686868686868	0.6458711451310346	3.0	0.0	2.0	0.0	0.0	0.42920075059608237	0.15232323232323233	0.3232323232323232	0.49414141414141416	0.38629595643467873	0.0	0.0	0.0	4
0.48926949305991313	0.4923299360854566	0.27228344686159117	0.27326686776419723	0.1315151515151514	0.3406405913661059	2.0	0.0	1.0	0.0	4294967295.0	-0.36587057807955237	0.009898989898989899	0.0707070707070707	0.1315151515151515	0.19314797821733937		0.0		9
0.48926949305991313	0.4923299360854566	1.0351790030452201	1.0389178152325471	0.4999999999999999	-0.3112164871285023	2.0	0.0	1.0	0.0	4294967295.0	1.8215638094450097	0.6111111111111112	0.5555555555555556	0.5	0.19314797821733937		0.0		4
0.683750117678692	0.6854202331140761	0.5330492668837622	0.5331788770082225	0.3145454545454547	0.6023550041470286	4.0	0.0	2.0	0.0	1.0	-0.05882429080255218	0.05272727272727273	0.21212121212121213	0.3715151515151515	0.38629595643467873	0.0	0.0	0.0	3
0.9450083143897742	0.9407041938880998	0.4201035623177866	0.4177207347557282	0.393939393939394	-1.7997394093988504	5.0	0.0	4.0	0.0	0.0	-0.8790388457642264	1.893131313131313	1.1616161616161618	0.4301010101010101	0.7725919128693575	0.0	0.0	0.0	7
				0.0		1.0	0.0	0.0	0.0	4294967295.0		0.0	0.0	0.0	0.0		0.0		4
0.683750117678692	0.6854202331140761	0.5121794750318693	0.5123040106979495	0.346060606060606	0.5473872471146	3.0	0.0	2.0	0.0	0.0	-0.11671193986466384	0.06727272727272728	0.21212121212121213	0.35696969696969694	0.38629595643467873	0.0	0.0	0.0	5
0.683750117678692	0.6854202331140761	0.9133432517404755	0.9135653297731969	0.56989898989899	0.22979576203834656	4.0	0.0	2.0	0.0	1.0	0.9960173143292574	0.5149494949494949	0.5757575757575758	0.6365656565656566	0.38629595643467873	0.0	0.0	0.0	6
0.683750117678692	0.6854202331140761	0.16869748413613353	0.16873850267470664	0.1157575757575758	0.21529038171034476	3.0	0.0	2.0	0.0	0.0	-1.0694461640119157	0.0036363636363636364	0.06060606060606061	0.11757575757575757	0.38629595643467873	0.0	0.0	0.0	1
1.1322512091154782	1.119995944426637	0.963497942873575	0.9531910209315684	0.7741414141414141	-0.2098192345192994	15.0	0.0	6.0	0.0	3.0	0.1795965362856737	1.4757575757575758	1.3636363636363638	1.2515151515151515	1.158887869304036	0.0	0.0	0.0	6
0.8277465128678779	0.8267906928265433	0.47123178745197797	0.4698935812689503	0.37838383838383843	-1.892819647864237	4.0	0.0	3.0	0.0	0.0	-0.5244072882579275	1.690909090909091	1.0505050505050506	0.41010101010101013	0.579443934652018	0.0	0.0	0.0	5
0.683750117678692	0.6854202331140761	0.22203139664652627	0.22208538324540428	0.15171717171717172	0.27941943158151133	3.0	0.0	2.0	0.0	0.0	-0.9215110608531861	0.0068686868686868695	0.0808080808080808	0.15474747474747474	0.38629595643467873	0.0	0.0	0.0	5
0.8277465128678779	0.8267906928265433	0.37025354728369697	0.36920209956846095	0.2890909090909091	0.44484247244758884	5.0	0.0	3.0	0.0	1.0	-0.7965431154210382	0.021212121212121213	0.1717171717171717	0.32222222222222224	0.579443934652018	0.0	0.0	0.0	4
0.48926949305991313	0.4923299360854566	0.9101210143945047	0.9134081478569789	0.43959595959595954	-1.3851962918010423	2.0	0.0	1.0	0.0	4294967295.0	1.4629876680689988	0.9341414141414142	0.6868686868686869	0.4395959595959596	0.19314797821733937		0.0		3
0.8277465128678779	0.8267906928265433	0.4656605742013142	0.4643381891751302	0.3365656565656565	-1.787729345648431	5.0	0.0	3.0	0.0	1.0	-0.5394216787220992	1.614949494949495	1.0101010101010102	0.40525252525252525	0.579443934652018	0.0	0.0	0.0	2
1.0448862968084678	1.0367645284728637	1.4355241683687316	1.4236339118208123	0.8917171717171718	0.013284682602823915	16.0	0.0	5.0	0.0	3.0	1.5592199239011826	1.6604040404040403	1.6666666666666665	1.6729292929292932	0.9657398910866968	0.0	0.0	0.0	2
0.8277465128678779	0.8267906928265433	0.452661076616432	0.45137560762288326	0.35777777777777775	0.5075383913831548	5.0	0.0	3.0	0.0	1.0	-0.574455256471833	0.050505050505050504	0.22222222222222224	0.3939393939393939	0.579443934652018	0.0	0.0	0.0	7
0.48926949305991313	0.4923299360854566	0.16060959077550083	0.16118967315123156	0.07757575757575756	0.2082321222968887	2.0	0.0	1.0	0.0	4294967295.0	-0.6860706775691675	0.0032323232323232323	0.04040404040404041	0.07757575757575758	0.19314797821733937		0.0		3
0.48926949305991313	0.4923299360854566	0.3078350489863766	0.3089468735398605	0.1486868686868687	-4.372874568234662	2.0	0.0	1.0	0.0	4294967295.0	-0.2639342168188133	1.7098989898989898	0.9292929292929293	0.1486868686868687	0.19314797821733937		0.0		6
0.683750117678692	0.6854202331140761	0.6768189440856904	0.6769835115901032	0.41474747474747486	-1.9963983977750057	4.0	0.0	2.0	0.0	1.0	0.33995729162532723	1.5282828282828285	1.0	0.47171717171717176	0.38629595643467873	0.0	0.0	0.0	2
				0.0		1.0	0.0	0.0	0.0	4294967295.0		0.0	0.0	0.0	0.0		0.0		2
0.8277465128678779	0.8267906928265433	1.019764158756916	1.0168682278396546	0.6585858585858585	-0.8699805132297138	6.0	0.0	3.0	0.0	1.0	0.9538845728603036	1.476161616161616	1.1818181818181819	0.8874747474747475	0.579443934652018	0.0	0.0	0.0	5
1.1322512091154782	1.119995944426637	0.4452775803788613	0.4405142684305215	0.4575757575757578	0.4963831620249365	9.0	0.0	6.0	0.0	1.0	-1.1255486587150263	0.04787878787878787	0.31313131313131315	0.5783838383838384	1.158887869304036	0.0	0.0	0.0	2
0.683750117678692	0.6854202331140761	0.4971068475832801	0.4972277183627524	0.32868686868686864	0.5840324184695523	3.0	0.0	2.0	0.0	0.0	-0.15851968640952196	0.03737373737373738	0.19191919191919193	0.3464646464646465	0.38629595643467873	0.0	0.0	0.0	5
1.1322512091154782	1.119995944426637	0.8362757770510433	0.8273298013799909	0.685050505050505	-2.2581086266374295	13.0	0.0	6.0	0.0	2.0	-0.1408142588855665	3.49959595959596	2.292929292929293	1.0862626262626263	1.158887869304036	0.0	0.0	0.0	7
				0.0		1.0	0.0	0.0	0.0	4294967295.0		0.0	0.0	0.0	0.0		0.0		1
1.1322512091154782	1.119995944426637	0.5673673116388703	0.5612979571199938	0.5513131313131313	-0.7379588212282379	11.0	0.0	6.0	0.0	2.0	-0.8180639714174425	1.5256565656565657	1.1313131313131315	0.7369696969696969	1.158887869304036	0.0	0.0	0.0	4
0.48926949305991313	0.4923299360854566	1.0188670914820832	1.0225469890531251	0.49212121212121224	-0.5251070910095454	2.0	0.0	1.0	0.0	4294967295.0	1.7747930083959649	0.6795959595959596	0.5858585858585859	0.4921212121212121	0.19314797821733937		0.0		5
0.48926949305991313	0.4923299360854566	0.27228344686159117	0.27326686776419723	0.1315151515151514	0.3406405913661059	2.0	0.0	1.0	0.0	4294967295.0	-0.36587057807955237	0.009898989898989899	0.0707070707070707	0.1315151515151515	0.19314797821733937		0.0		5
0.9450083143897742	0.9407041938880998	0.8826318620232313	0.877625573772838	0.6143434343434343	-2.5731154163098164	10.0	0.0	4.0	0.0	2.0	0.3363393357748539	2.9953535353535354	1.9494949494949494	0.9036363636363636	0.7725919128693575	0.0	0.0	0.0	8
0.48926949305991313	0.4923299360854566	0.8047209704480822	0.8076274248514831	0.38868686868686875	-2.0098926586917085	2.0	0.0	1.0	0.0	4294967295.0	1.1607763382136318	1.1062626262626263	0.7474747474747475	0.3886868686868687	0.19314797821733937		0.0		5
0.683750117678692	0.6854202331140761	0.8255162110304265	0.825716934050798	0.5397979797979798	-0.11604304262401596	3.0	0.0	2.0	0.0	0.0	0.7524067911928712	0.6367676767676768	0.6060606060606061	0.5753535353535353	0.38629595643467873	0.0	0.0	0.0	4
				0.0		1.0	0.0	0.0	0.0	4294967295.0		0.0	0.0	0.0	0.0		0.0		7
0.683750117678692	0.6854202331140761	0.7976898218945696	0.7978837789704342	0.5046464646464646	0.7267958985398875	4.0	0.0	2.0	0.0	1.0	0.6752232591100563	0.1713131313131313	0.36363636363636365	0.555959595959596	0.38629595643467873	0.0	0.0	0.0	2
1.0448862968084678	1.0367645284728637	0.5490043522791658	0.5444570219462035	0.485858585858586	0.60723855639356	8.0	0.0	5.0	0.0	1.0	-0.7186407499767878	0.06727272727272728	0.35353535353535354	0.6397979797979797	0.9657398910866968	0.0	0.0	0.0	2
0.8277465128678779	0.8267906928265433	0.24536551691465058	0.2446687267986603	0.20565656565656568	0.30273172286030536	4.0	0.0	3.0	0.0	0.0	-1.133115701659552	0.008686868686868687	0.1111111111111111	0.21353535353535352	0.579443934652018	0.0	0.0	0.0	3
0.683750117678692	0.6854202331140761	0.7011670345795654	0.7013375222854217	0.4232323232323232	0.7397743967280999	4.0	0.0	2.0	0.0	1.0	0.4074928821977906	0.09717171717171719	0.29292929292929293	0.4886868686868687	0.38629595643467873	0.0	0.0	0.0	4
0.8277465128678779	0.8267906928265433	0.7857732022290372	0.7835417598992103	0.5797979797979799	-0.2776533552860787	5.0	0.0	3.0	0.0	1.0	0.3232801733650955	0.8717171717171717	0.7777777777777778	0.6838383838383839	0.579443934652018	0.0	0.0	0.0	7
0.8277465128678779	0.8267906928265433	0.8482172174135604	0.8458084462841107	0.6115151515151515	-2.236751546025057	6.0	0.0	3.0	0.0	2.0	0.49156646648435254	2.251717171717172	1.494949494949495	0.7381818181818183	0.579443934652018	0.0	0.0	0.0	7
0.48926949305991313	0.4923299360854566	0.12171195550955921	0.12215154918491766	0.05878787878787882	0.15956918067315926	2.0	0.0	1.0	0.0	4294967295.0	-0.7976010493015054	0.0018181818181818182	0.030303030303030304	0.058787878787878785	0.19314797821733937		0.0		6
0.9450083143897742	0.9407041938880998	0.9893843407521759	0.9837725524026404	0.7006060606060607	0.8022036472714015	11.0	0.0	4.0	0.0	2.0	0.6168511089031148	0.3608080808080808	0.6868686868686869	1.012929292929293	0.7725919128693575	0.0	0.0	0.0	6
0.683750117678692	0.6854202331140761	0.6556592940136324	0.6558187165810764	0.41272727272727283	-1.1741723654982632	3.0	0.0	2.0	0.0	0.0	0.2812656474373529	1.0783838383838382	0.7676767676767676	0.45696969696969697	0.38629595643467873	0.0	0.0	0.0	5
0.48926949305991313	0.4923299360854566	0.34255014282587287	0.3437873497678611	0.1654545454545454	0.4175959409106084	2.0	0.0	1.0	0.0	4294967295.0	-0.16439635817597417	0.016363636363636365	0.09090909090909091	0.16545454545454547	0.19314797821733937		0.0		2
0.48926949305991313	0.4923299360854566	0.12171195550955921	0.12215154918491766	0.05878787878787882	0.15956918067315926	2.0	0.0	1.0	0.0	4294967295.0	-0.7976010493015054	0.0018181818181818182	0.030303030303030304	0.058787878787878785	0.19314797821733937		0.0		7
0.9450083143897742	0.9407041938880998	0.7715382473755499	0.767162082148848	0.5961616161616161	0.8002155341430952	8.0	0.0	4.0	0.0	1.0	0.044420429543411084	0.13939393939393938	0.4646464646464647	0.7898989898989899	0.7725919128693575	0.0	0.0	0.0	6
1.0448862968084678	1.0367645284728637	0.9619277394370354	0.9539602193809548	0.7442424242424243	-0.9860662796482583	13.0	0.0	5.0	0.0	3.0	0.3423416757520595	2.050707070707071	1.5858585858585859	1.121010101010101	0.9657398910866968	0.0	0.0	0.0	3
0.683750117678692	0.6854202331140761	1.0733449892716538	1.07360597148529	0.6264646464646465	0.42218291165184657	4.0	0.0	2.0	0.0	1.0	1.439822623805446	0.5246464646464647	0.6363636363636364	0.7480808080808081	0.38629595643467873	0.0	0.0	0.0	1
1.0448862968084678	1.0367645284728637	1.0245076482380393	1.0160217870862216	0.7680808080808081	0.4328235299629471	13.0	0.0	5.0	0.0	3.0	0.5031370811626868	0.7858585858585859	0.98989898989899	1.193939393939394	0.9657398910866968	0.0	0.0	0.0	5
0.683750117678692	0.6854202331140761	0.6400069501247128	0.6401625668483716	0.4266666666666667	0.6168603844750304	3.0	0.0	2.0	0.0	0.0	0.2378499106407692	0.11959595959595959	0.2828282828282828	0.44606060606060605	0.38629595643467873	0.0	0.0	0.0	7
0.8277465128678779	0.8267906928265433	0.4686783147120904	0.4673473598926161	0.3709090909090909	0.5188833671905431	5.0	0.0	3.0	0.0	1.0	-0.5312888838873395	0.056767676767676765	0.23232323232323235	0.4078787878787879	0.579443934652018	0.0	0.0	0.0	3
0.8277465128678779	0.8267906928265433	0.24536551691465058	0.2446687267986603	0.20565656565656568	0.30273172286030536	4.0	0.0	3.0	0.0	0.0	-1.133115701659552	0.008686868686868687	0.1111111111111111	0.21353535353535352	0.579443934652018	0.0	0.0	0.0	7
0.683750117678692	0.6854202331140761	0.19565429861149505	0.19570187165880923	0.13393939393939377	0.24811834771582283	3.0	0.0	2.0	0.0	0.0	-0.9946746173066883	0.00505050505050505	0.07070707070707072	0.13636363636363635	0.38629595643467873	0.0	0.0	0.0	4
				0.0		1.0	0.0	0.0	0.0	4294967295.0		0.0	0.0	0.0	0.0		0.0		2
0.8277465128678779	0.8267906928265433	0.39137773085913047	0.3902662945908622	0.30444444444444446	0.46932373603195277	5.0	0.0	3.0	0.0	1.0	-0.7396135515777208	0.023030303030303033	0.18181818181818182	0.34060606060606063	0.579443934652018	0.0	0.0	0.0	4
				0.0		1.0	0.0	0.0	0.0	4294967295.0		0.0	0.0	0.0	0.0		0.0		2
0.9450083143897742	0.9407041938880998	0.3885316647269713	0.3863279129798163	0.336969696969697	0.4567689912282637	6.0	0.0	4.0	0.0	1.0	-0.9619998137873718	0.02646464646464646	0.21212121212121215	0.3977777777777778	0.7725919128693575	0.0	0.0	0.0	4
0.683750117678692	0.6854202331140761	1.4350880480377959	1.435436987530022	0.7444444444444445	0.22979576203834698	4.0	0.0	2.0	0.0	1.0	2.4432085408820456	0.8785858585858586	0.9393939393939394	1.0002020202020203	0.38629595643467873	0.0	0.0	0.0	7
0.683750117678692	0.6854202331140761	0.2478287782412271	0.24788903743449173	0.169090909090909	-3.0499470742298844	3.0	0.0	2.0	0.0	0.0	-0.8499554946514094	1.7868686868686867	0.9797979797979798	0.17272727272727273	0.38629595643467873	0.0	0.0	0.0	3
0.683750117678692	0.6854202331140761	0.19565429861149505	0.19570187165880923	0.13393939393939377	0.24811834771582283	3.0	0.0	2.0	0.0	0.0	-0.9946746173066883	0.00505050505050505	0.07070707070707072	0.13636363636363635	0.38629595643467873	0.0	0.0	0.0	2
0.683750117678692	0.6854202331140761	0.516527348334347	0.5166529411792564	0.329090909090909	-2.2277210419531426	4.0	0.0	2.0	0.0	1.0	-0.10465201297672386	1.538989898989899	0.9494949494949495	0.36	0.38629595643467873	0.0	0.0	0.0	3
0.48926949305991313	0.4923299360854566	0.3078350489863766	0.3089468735398605	0.1486868686868687	0.3802499624551881	2.0	0.0	1.0	0.0	4294967295.0	-0.2639342168188133	0.01292929292929293	0.08080808080808081	0.1486868686868687	0.19314797821733937		0.0		5
0.48926949305991313	0.4923299360854566	0.27228344686159117	0.27326686776419723	0.1315151515151514	0.3406405913661059	2.0	0.0	1.0	0.0	4294967295.0	-0.36587057807955237	0.009898989898989899	0.0707070707070707	0.1315151515151515	0.19314797821733937		0.0		13
0.8277465128678779	0.8267906928265433	0.8470565479863387	0.8446510729312313	0.6145454545454546	0.596506885872673	6.0	0.0	3.0	0.0	2.0	0.4884384684709831	0.3335353535353535	0.5353535353535352	0.7371717171717171	0.579443934652018	0.0	0.0	0.0	2
0.683750117678692	0.6854202331140761	0.42435243432182046	0.4244556149755508	0.2836363636363637	0.5069248704101736	3.0	0.0	2.0	0.0	0.0	-0.36032246300104953	0.027474747474747478	0.1616161616161616	0.2957575757575758	0.38629595643467873	0.0	0.0	0.0	3
0.683750117678692	0.6854202331140761	0.2976843921096377	0.29775677362014386	0.20262626262626263	0.3641613903398385	3.0	0.0	2.0	0.0	0.0	-0.7116683330030319	0.014747474747474747	0.11111111111111112	0.20747474747474748	0.38629595643467873	0.0	0.0	0.0	6
0.48926949305991313	0.4923299360854566	0.12171195550955921	0.12215154918491766	0.05878787878787882	0.15956918067315926	2.0	0.0	1.0	0.0	4294967295.0	-0.7976010493015054	0.0018181818181818182	0.030303030303030304	0.058787878787878785	0.19314797821733937		0.0		2
0.9450083143897742	0.9407041938880998	0.885789051782313	0.8807648559504294	0.6810101010101012	-1.2728894303978056	9.0	0.0	4.0	0.0	2.0	0.3446354325771691	1.9416161616161614	1.4242424242424243	0.906868686868687	0.7725919128693575	0.0	0.0	0.0	1
1.0448862968084678	1.0367645284728637	0.7528657726392224	0.7466298851633604	0.6652525252525252	-1.2886142124738431	11.0	0.0	5.0	0.0	2.0	-0.19483078664466166	2.092323232323232	1.4848484848484849	0.8773737373737374	0.9657398910866968	0.0	0.0	0.0	1
0.683750117678692	0.6854202331140761	0.7582691039521054	0.7584534759399186	0.4484848484848486	-4.415743148271752	4.0	0.0	2.0	0.0	1.0	0.5658799219927347	2.8654545454545453	1.6969696969696968	0.5284848484848486	0.38629595643467873	0.0	0.0	0.0	8
0.48926949305991313	0.4923299360854566	0.19867071775615333	0.1993882675698828	0.09595959595959605	0.2546316712869563	2.0	0.0	1.0	0.0	4294967295.0	-0.5769388084547294	0.005050505050505051	0.050505050505050504	0.09595959595959595	0.19314797821733937		0.0		3
				0.0		1.0	0.0	0.0	0.0	4294967295.0		0.0	0.0	0.0	0.0		0.0		4
0.683750117678692	0.6854202331140761	0.32174262438334744	0.32182085561670853	0.2187878787878788	-2.7407534409224747	3.0	0.0	2.0	0.0	0.0	-0.6449367375564312	1.6747474747474747	0.9494949494949495	0.22424242424242424	0.38629595643467873	0.0	0.0	0.0	7
0.9450083143897742	0.9407041938880998	1.2342638714409373	1.2272631263020573	0.8131313131313131	-1.8365195022725083	11.0	0.0	4.0	0.0	3.0	1.2603171171326364	2.7565656565656567	2.0101010101010104	1.2636363636363637	0.7725919128693575	0.0	0.0	0.0	3
1.0448862968084678	1.0367645284728637	0.44239315030515663	0.4387288664372313	0.41777777777777786	0.49367594704684636	5.0	0.0	5.0	0.0	0.0	-0.9925719808009862	0.050101010101010104	0.2828282828282828	0.5155555555555555	0.9657398910866968	0.25	1.0	0.4	5
0.9450083143897742	0.9407041938880998	0.9820833394342996	0.9765129623669606	0.7214141414141415	-0.4339056902527471	9.0	0.0	4.0	0.0	2.0	0.597666385047762	1.358181818181818	1.1818181818181819	1.0054545454545454	0.7725919128693575	0.0	0.0	0.0	5
				0.0		1.0	0.0	0.0	0.0	4294967295.0		0.0	0.0	0.0	0.0		0.0		3
0.8277465128678779	0.8267906928265433	0.34680802485382023	0.3458231578403014	0.2555555555555558	-2.033736189471795	6.0	0.0	3.0	0.0	1.0	-0.8597286752910939	1.677979797979798	0.98989898989899	0.3018181818181818	0.579443934652018	0.0	0.0	0.0	3
0.683750117678692	0.6854202331140761	0.24898821112188782	0.2490487522295069	0.16949494949494945	-6.635066338456053	3.0	0.0	2.0	0.0	0.0	-0.8467395141479588	3.685050505050505	1.9292929292929293	0.17353535353535354	0.38629595643467873	0.0	0.0	0.0	11
0.8277465128678779	0.8267906928265433	0.9596414824268359	0.9569162881605127	0.5103030303030303	-0.3976712572484484	5.0	0.0	3.0	0.0	1.0	0.7918542757677849	1.1042424242424242	0.9696969696969697	0.8351515151515152	0.579443934652018	0.0	0.0	0.0	6
0.48926949305991313	0.4923299360854566	0.12171195550955921	0.12215154918491766	0.05878787878787882	0.15956918067315926	2.0	0.0	1.0	0.0	4294967295.0	-0.7976010493015054	0.0018181818181818182	0.030303030303030304	0.058787878787878785	0.19314797821733937		0.0		6
0.8277465128678779	0.8267906928265433	1.4318018054205912	1.4277357681117662	0.8105050505050505	0.9362590561044554	7.0	0.0	3.0	0.0	2.0	2.06432386760633	0.6125252525252525	0.9292929292929293	1.246060606060606	0.579443934652018	0.0	0.0	0.0	5
0.683750117678692	0.6854202331140761	1.168128627265667	1.1684126559777797	0.6494949494949496	-2.420108191566642	4.0	0.0	2.0	0.0	1.0	1.7027290299625355	2.094949494949495	1.4545454545454546	0.8141414141414142	0.38629595643467873	0.0	0.0	0.0	4
0.683750117678692	0.6854202331140761	0.19565429861149505	0.19570187165880923	0.13393939393939377	0.24811834771582283	3.0	0.0	2.0	0.0	0.0	-0.9946746173066883	0.00505050505050505	0.07070707070707072	0.13636363636363635	0.38629595643467873	0.0	0.0	0.0	3
0.48926949305991313	0.4923299360854566	0.2358953364515168	0.23674733244087134	0.11393939393939395	0.29876782764336207	2.0	0.0	1.0	0.0	4294967295.0	-0.470205441958191	0.007272727272727273	0.06060606060606061	0.11393939393939394	0.19314797821733937		0.0		3
0.9450083143897742	0.9407041938880998	0.6837289072010947	0.6798507965845928	0.5648484848484848	-0.8374926552988299	7.0	0.0	4.0	0.0	1.0	-0.18631476277096218	1.3808080808080807	1.0404040404040404	0.7	0.7725919128693575	0.0	0.0	0.0	5
1.0448862968084678	1.0367645284728637	1.01722688322518	1.0088013276856087	0.76	-2.713503556163742	13.0	0.0	5.0	0.0	3.0	0.4844295824722537	3.7438383838383835	2.4646464646464645	1.1854545454545455	0.9657398910866968	0.0	0.0	0.0	2
0.683750117678692	0.6854202331140761	0.835661248736208	0.835864438507181	0.5428282828282829	0.10153766229601392	4.0	0.0	2.0	0.0	1.0	0.780546620598065	0.5286868686868688	0.5555555555555556	0.5824242424242425	0.38629595643467873	0.0	0.0	0.0	7
				0.0		1.0	0.0	0.0	0.0	4294967295.0		0.0	0.0	0.0	0.0		0.0		7
0.683750117678692	0.6854202331140761	0.3681199396097759	0.36820944741731515	0.24989898989898998	-2.542258762749816	3.0	0.0	2.0	0.0	0.0	-0.5162975174184057	1.602020202020202	0.9292929292929293	0.25656565656565655	0.38629595643467873	0.0	0.0	0.0	4
1.0448862968084678	1.0367645284728637	0.7254762280670379	0.7194672045610553	0.6476767676767677	0.4435369836749011	10.0	0.0	5.0	0.0	1.0	-0.26520661505152887	0.4272727272727273	0.6363636363636364	0.8454545454545455	0.9657398910866968	0.0	0.0	0.0	4
0.8277465128678779	0.8267906928265433	0.41923379711244935	0.4180432550599627	0.3309090909090908	0.48126581582920336	5.0	0.0	3.0	0.0	1.0	-0.6645415992568627	0.03919191919191919	0.20202020202020204	0.36484848484848487	0.579443934652018	0.0	0.0	0.0	0
0.683750117678692	0.6854202331140761	0.7582691039521054	0.7584534759399186	0.48404040404040394	0.7756561270131576	3.0	0.0	2.0	0.0	0.0	0.5658799219927347	0.11797979797979799	0.3232323232323232	0.5284848484848486	0.38629595643467873	0.0	0.0	0.0	4
0.9450083143897742	0.9407041938880998	0.4942975216562027	0.4914938659291213	0.43373737373737387	-1.8116680881686849	7.0	0.0	4.0	0.0	2.0	-0.6840805709098345	1.9787878787878788	1.2424242424242424	0.5060606060606061	0.7725919128693575	0.0	0.0	0.0	2
0.9450083143897742	0.9407041938880998	0.9230833558114635	0.9178476266732253	0.6860606060606061	0.23757951883254622	9.0	0.0	4.0	0.0	3.0	0.44263307605450913	0.751919191919192	0.8484848484848485	0.945050505050505	0.7725919128693575	0.0	0.0	0.0	5
1.0448862968084678	1.0367645284728637	0.7197556269855058	0.7137939864605739	0.649090909090909	0.6650912064381126	9.0	0.0	5.0	0.0	2.0	-0.2799053640225833	0.21171717171717172	0.5252525252525253	0.8387878787878789	0.9657398910866968	0.0	0.0	0.0	4
1.1322512091154782	1.119995944426637	0.569700236440017	0.563605925693678	0.5648484848484848	-2.112180294160944	11.0	0.0	6.0	0.0	3.0	-0.8121884678385077	2.997373737373737	1.8686868686868685	0.74	1.158887869304036	0.0	0.0	0.0	7
0.683750117678692	0.6854202331140761	0.3521777375006911	0.35226336898585664	0.2369696969696969	-2.8514523960572267	3.0	0.0	2.0	0.0	0.0	-0.560517249340852	1.7545454545454546	1.0	0.24545454545454543	0.38629595643467873	0.0	0.0	0.0	7
0.8277465128678779	0.8267906928265433	0.6184046708236794	0.6166485224140313	0.4888888888888888	0.6353186452137376	4.0	0.0	3.0	0.0	0.0	-0.12777714016272715	0.1082828282828283	0.3232323232323232	0.5381818181818182	0.579443934652018	0.0	0.0	0.0	5
0.9450083143897742	0.9407041938880998	0.891116809500763	0.8860623946251144	0.68	-0.09145320390206808	8.0	0.0	4.0	0.0	2.0	0.3586350959310744	0.9866666666666666	0.9494949494949495	0.9123232323232323	0.7725919128693575	0.0	0.0	0.0	4
0.683750117678692	0.6854202331140761	0.8623282049914042	0.8625378787925296	0.5084848484848483	0.8588712036316948	4.0	0.0	2.0	0.0	1.0	0.8545141721774293	0.14646464646464646	0.3737373737373737	0.601010101010101	0.38629595643467873	0.0	0.0	0.0	3
0.9450083143897742	0.9407041938880998	0.7991636577675133	0.7946308012027709	0.6505050505050505	-2.1123701988249417	8.0	0.0	4.0	0.0	2.0	0.11701127656366322	2.5353535353535355	1.676767676767677	0.8181818181818181	0.7725919128693575	0.0	0.0	0.0	2
0.683750117678692	0.6854202331140761	0.8087044342608463	0.8089010695230782	0.5084848484848485	-0.7710754805937885	4.0	0.0	2.0	0.0	1.0	0.7057750738928371	0.9717171717171716	0.7676767676767677	0.5636363636363636	0.38629595643467873	0.0	0.0	0.0	6
1.0448862968084678	1.0367645284728637	0.9224035865100856	0.9147634397776284	0.6913131313131313	-2.412241237783593	13.0	0.0	5.0	0.0	3.0	0.24078668286113689	3.349292929292929	2.2121212121212124	1.0749494949494949	0.9657398910866968	0.0	0.0	0.0	5
0.683750117678692	0.6854202331140761	0.275365309156919	0.2754322638161019	0.17030303030303018	0.34354848145267786	4.0	0.0	2.0	0.0	1.0	-0.7735759576944569	0.010101010101010102	0.10101010101010101	0.1919191919191919	0.38629595643467873	0.0	0.0	0.0	6
0.8277465128678779	0.8267906928265433	0.477731536244419	0.4763748720450737	0.3424242424242424	0.512315223302055	5.0	0.0	3.0	0.0	1.0	-0.5068904993830609	0.06909090909090909	0.24242424242424243	0.4157575757575757	0.579443934652018	0.0	0.0	0.0	4
0.48926949305991313	0.4923299360854566	0.34255014282587287	0.3437873497678611	0.1654545454545454	-4.222358958096152	2.0	0.0	1.0	0.0	4294967295.0	-0.16439635817597417	1.672929292929293	0.9191919191919192	0.16545454545454547	0.19314797821733937		0.0		6
0.683750117678692	0.6854202331140761	0.2478287782412271	0.24788903743449173	0.1521212121212122	0.30919363330741007	4.0	0.0	2.0	0.0	1.0	-0.8499554946514094	0.00909090909090909	0.09090909090909091	0.17272727272727273	0.38629595643467873	0.0	0.0	0.0	2
0.683750117678692	0.6854202331140761	0.43333803914694097	0.4334434046369183	0.27979797979797993	-5.8441413900449986	4.0	0.0	2.0	0.0	1.0	-0.33539861409930716	3.394949494949495	1.8484848484848486	0.302020202020202	0.38629595643467873	0.0	0.0	0.0	2
0.683750117678692	0.6854202331140761	0.3521777375006911	0.35226336898585664	0.2369696969696969	-2.8514523960572267	3.0	0.0	2.0	0.0	0.0	-0.560517249340852	1.7545454545454546	1.0	0.24545454545454543	0.38629595643467873	0.0	0.0	0.0	3
0.8277465128678779	0.8267906928265433	0.5104624140920687	0.5090128005962669	0.36262626262626263	-2.060605869015609	6.0	0.0	3.0	0.0	1.0	-0.4186809554060523	1.8385858585858583	1.1414141414141414	0.44424242424242427	0.579443934652018	0.0	0.0	0.0	2
0.48926949305991313	0.4923299360854566	0.12171195550955921	0.12215154918491766	0.05878787878787882	0.15956918067315926	2.0	0.0	1.0	0.0	4294967295.0	-0.7976010493015054	0.0018181818181818182	0.030303030303030304	0.058787878787878785	0.19314797821733937		0.0		4
0.683750117678692	0.6854202331140761	0.7020366092400607	0.7022073083816829	0.4482828282828283	0.7038926664430419	4.0	0.0	2.0	0.0	1.0	0.4099048675753782	0.11676767676767676	0.30303030303030304	0.4892929292929292	0.38629595643467873	0.0	0.0	0.0	5
0.683750117678692	0.6854202331140761	0.8460961446621543	0.8463018716623174	0.510909090909091	0.7397743967280999	4.0	0.0	2.0	0.0	1.0	0.8094904451291205	0.19818181818181818	0.3939393939393939	0.5896969696969697	0.38629595643467873	0.0	0.0	0.0	3
0.9450083143897742	0.9407041938880998	0.5785550233516912	0.5752734590435863	0.505050505050505	0.5626360153105491	7.0	0.0	4.0	0.0	2.0	-0.46267848749806517	0.13494949494949496	0.36363636363636365	0.5923232323232324	0.7725919128693575	0.0	0.0	0.0	1
0.48926949305991313	0.4923299360854566	0.12171195550955921	0.12215154918491766	0.05878787878787882	0.15956918067315926	2.0	0.0	1.0	0.0	4294967295.0	-0.7976010493015054	0.0018181818181818182	0.030303030303030304	0.058787878787878785	0.19314797821733937		0.0		7
0.683750117678692	0.6854202331140761	0.2730464433955975	0.2731128342260715	0.18606060606060598	0.33744095289351905	3.0	0.0	2.0	0.0	0.0	-0.7800079187013581	0.011717171717171716	0.10101010101010101	0.19030303030303028	0.38629595643467873	0.0	0.0	0.0	3
0.8277465128678779	0.8267906928265433	0.3693250117419197	0.3682762008861576	0.3032323232323233	0.44245405648813857	4.0	0.0	3.0	0.0	0.0	-0.7990455138317335	0.02202020202020202	0.17171717171717174	0.32141414141414143	0.579443934652018	0.0	0.0	0.0	2
0.9450083143897742	0.9407041938880998	0.4946921703760879	0.4918862762013202	0.4141414141414142	0.5750617223624607	6.0	0.0	4.0	0.0	1.0	-0.6830435588095451	0.03898989898989899	0.2727272727272727	0.5064646464646465	0.7725919128693575	0.0	0.0	0.0	8
0.9450083143897742	0.9407041938880998	1.1125147413563556	1.106204557328697	0.7513131313131314	-1.6710090843410481	12.0	0.0	4.0	0.0	3.0	0.9403988841933817	2.4973737373737377	1.8181818181818183	1.138989898989899	0.7725919128693575	0.0	0.0	0.0	5
1.1322512091154782	1.119995944426637	0.8269440778464565	0.8180979270852541	0.7250505050505051	-0.9576074252925849	14.0	0.0	6.0	0.0	2.0	-0.16431627320130557	2.0975757575757576	1.5858585858585859	1.074141414141414	1.158887869304036	0.0	0.0	0.0	5
0.8277465128678779	0.8267906928265433	0.7302932036078437	0.728219313631585	0.5494949494949496	-4.33139234246283	5.0	0.0	3.0	0.0	1.0	0.17376186832605284	3.5664646464646466	2.1010101010101008	0.6355555555555555	0.579443934652018	0.0	0.0	0.0	2
0.683750117678692	0.6854202331140761	0.6930510044149404	0.6932195187203154	0.4575757575757576	0.5657098327920761	4.0	0.0	2.0	0.0	1.0	0.384981018673636	0.18363636363636365	0.33333333333333337	0.48303030303030303	0.38629595643467873	0.0	0.0	0.0	2
1.0448862968084678	1.0367645284728637	0.6408806726795314	0.6355723429539358	0.6012121212121212	0.7058023305435382	7.0	0.0	5.0	0.0	1.0	-0.48256993316894164	0.08141414141414141	0.41414141414141414	0.7468686868686869	0.9657398910866968	0.0	0.0	0.0	4
1.1322512091154782	1.119995944426637	0.5132434562522676	0.5077530862105208	0.5426262626262626	-1.2475738268715082	10.0	0.0	6.0	0.0	1.0	-0.954375654448728	2.0	1.3333333333333335	0.6666666666666667	1.158887869304036	0.0	0.0	0.0	7
0.8277465128678779	0.8267906928265433	0.22424133333921706	0.22360453177625908	0.1713131313131313	0.27825045927594133	5.0	0.0	3.0	0.0	1.0	-1.1900452655028697	0.006868686868686868	0.10101010101010102	0.19515151515151513	0.579443934652018	0.0	0.0	0.0	5
0.683750117678692	0.6854202331140761	0.9145026846211363	0.9147250445682121	0.5686868686868687	-3.35532350218782	4.0	0.0	2.0	0.0	1.0	0.9992332948327081	2.413131313131313	1.525252525252525	0.6373737373737374	0.38629595643467873	0.0	0.0	0.0	6
0.8277465128678779	0.8267906928265433	0.36978927951280827	0.36873915022730924	0.2890909090909091	0.4436482644678636	5.0	0.0	3.0	0.0	1.0	-0.7977943146263861	0.021616161616161617	0.1717171717171717	0.3218181818181818	0.579443934652018	0.0	0.0	0.0	6
0.9450083143897742	0.9407041938880998	0.2296855549731816	0.22838277841975932	0.22424242424242424	0.28032395109112157	5.0	0.0	4.0	0.0	0.0	-1.3793971841538224	0.007272727272727273	0.12121212121212122	0.23515151515151514	0.7725919128693575	0.0	0.0	0.0	6
0.9450083143897742	0.9407041938880998	1.0460164320557008	1.0400834264631824	0.7573737373737375	-0.521382667898203	8.0	0.0	4.0	0.0	2.0	0.765662345294632	1.4947474747474747	1.2828282828282829	1.070909090909091	0.7725919128693575	0.0	0.0	0.0	2
0.683750117678692	0.6854202331140761	0.37681568621473127	0.376907308379929	0.252929292929293	-6.107528559158719	3.0	0.0	2.0	0.0	0.0	-0.49217766364252574	3.494949494949495	1.878787878787879	0.26262626262626265	0.38629595643467873	0.0	0.0	0.0	6
0.683750117678692	0.6854202331140761	0.6733406454437083	0.6735043672050577	0.43373737373737387	0.7428281610076792	3.0	0.0	2.0	0.0	0.0	0.33030935011497525	0.07616161616161617	0.2727272727272727	0.4692929292929293	0.38629595643467873	0.0	0.0	0.0	5
0.8277465128678779	0.8267906928265433	0.6699383933923195	0.6680358992818674	0.5333333333333334	0.4693237360319531	5.0	0.0	3.0	0.0	1.0	0.011105971630860583	0.2654545454545455	0.4242424242424242	0.5830303030303031	0.579443934652018	0.0	0.0	0.0	7
0.9450083143897742	0.9407041938880998	0.6886620161996597	0.6847559249870793	0.5618181818181819	-0.6014042213125121	9.0	0.0	4.0	0.0	2.0	-0.17335211151734534	1.1939393939393936	0.9494949494949494	0.7050505050505051	0.7725919128693575	0.0	0.0	0.0	5
0.9450083143897742	0.9407041938880998	0.6807690418019559	0.6769077195431011	0.5820202020202021	0.7206910090108626	6.0	0.0	4.0	0.0	1.0	-0.19409235352313184	0.1111111111111111	0.404040404040404	0.696969696969697	0.7725919128693575	0.0	0.0	0.0	5
0.683750117678692	0.6854202331140761	0.22203139664652627	0.22208538324540428	0.15171717171717172	0.27941943158151133	3.0	0.0	2.0	0.0	0.0	-0.9215110608531861	0.0068686868686868695	0.0808080808080808	0.15474747474747474	0.38629595643467873	0.0	0.0	0.0	2
0.8277465128678779	0.8267906928265433	1.2421484210125784	1.238620962251307	0.758989898989899	0.47828029587989085	7.0	0.0	3.0	0.0	2.0	1.5532089922218206	0.7573737373737374	0.9191919191919191	1.081010101010101	0.579443934652018	0.0	0.0	0.0	7
0.9450083143897742	0.9407041938880998	0.248036720447843	0.24662985607700813	0.24121212121212113	0.30169616722040915	5.0	0.0	4.0	0.0	0.0	-1.331176121490369	0.008686868686868687	0.13131313131313133	0.2539393939393939	0.7725919128693575	0.0	0.0	0.0	7
0.683750117678692	0.6854202331140761	0.2976843921096377	0.29775677362014386	0.20262626262626263	-3.224011638165908	3.0	0.0	2.0	0.0	0.0	-0.7116683330030319	1.9137373737373737	1.0606060606060606	0.20747474747474748	0.38629595643467873	0.0	0.0	0.0	7
0.8277465128678779	0.8267906928265433	0.8136292684823558	0.8113187203683107	0.5975757575757575	0.5702343103187208	5.0	0.0	3.0	0.0	1.0	0.3983521256859531	0.3222222222222222	0.5151515151515151	0.708080808080808	0.579443934652018	0.0	0.0	0.0	2
0.48926949305991313	0.4923299360854566	1.038943290329021	1.0426956981970292	0.5018181818181817	0.2082321222968888	2.0	0.0	1.0	0.0	4294967295.0	1.8323570712255588	0.42747474747474745	0.46464646464646464	0.5018181818181818	0.19314797821733937		0.0		4
0.683750117678692	0.6854202331140761	0.32464120658499923	0.3247201426042465	0.21979797979797983	0.3969893563453167	3.0	0.0	2.0	0.0	0.0	-0.6368967862978046	0.01616161616161616	0.12121212121212122	0.22626262626262628	0.38629595643467873	0.0	0.0	0.0	0
1.0448862968084678	1.0367645284728637	0.7261696342587388	0.7201548673611138	0.6307070707070708	-1.2260476427960307	10.0	0.0	5.0	0.0	2.0	-0.26342494850958265	2.002222222222222	1.4242424242424243	0.8462626262626264	0.9657398910866968	0.0	0.0	0.0	5
0.8277465128678779	0.8267906928265433	0.6755096066429832	0.6735912913756874	0.4947474747474749	-0.829974545908924	6.0	0.0	3.0	0.0	1.0	0.02612036209503196	1.1494949494949496	0.8686868686868687	0.5878787878787879	0.579443934652018	0.0	0.0	0.0	7
0.8277465128678779	0.8267906928265433	0.35145070256270666	0.35045265125181807	0.2886868686868689	0.4263322487618501	4.0	0.0	3.0	0.0	0.0	-0.8472166832376176	0.017373737373737375	0.1616161616161616	0.30585858585858583	0.579443934652018	0.0	0.0	0.0	2
				0.0		1.0	0.0	0.0	0.0	4294967295.0		0.0	0.0	0.0	0.0		0.0		10
0.683750117678692	0.6854202331140761	0.19565429861149505	0.19570187165880923	0.13393939393939377	0.24811834771582283	3.0	0.0	2.0	0.0	0.0	-0.9946746173066883	0.00505050505050505	0.07070707070707072	0.13636363636363635	0.38629595643467873	0.0	0.0	0.0	3
0.48926949305991313	0.4923299360854566	0.12171195550955921	0.12215154918491766	0.05878787878787882	0.15956918067315926	2.0	0.0	1.0	0.0	4294967295.0	-0.7976010493015054	0.0018181818181818182	0.030303030303030304	0.058787878787878785	0.19314797821733937		0.0		3
0.683750117678692	0.6854202331140761	0.2478287782412271	0.24788903743449173	0.169090909090909	0.30919363330741007	3.0	0.0	2.0	0.0	0.0	-0.8499554946514094	0.00909090909090909	0.09090909090909091	0.17272727272727273	0.38629595643467873	0.0	0.0	0.0	5
				0.0		1.0	0.0	0.0	0.0	4294967295.0		0.0	0.0	0.0	0.0		0.0		1
0.48926949305991313	0.4923299360854566	0.27228344686159117	0.27326686776419723	0.1315151515151514	-4.5256535710068375	2.0	0.0	1.0	0.0	4294967295.0	-0.36587057807955237	1.7472727272727273	0.9393939393939394	0.1315151515151515	0.19314797821733937		0.0		5
0.8277465128678779	0.8267906928265433	0.44360785508410344	0.4423480954704257	0.3606060606060605	0.514106535271643	4.0	0.0	3.0	0.0	0.0	-0.5988536409761117	0.03818181818181818	0.21212121212121213	0.3860606060606061	0.579443934652018	0.0	0.0	0.0	7
0.8277465128678779	0.8267906928265433	0.3307907867581618	0.3298514055705685	0.2571717171717172	0.40304519315721116	5.0	0.0	3.0	0.0	1.0	-0.9028950478755874	0.015151515151515152	0.15151515151515152	0.28787878787878785	0.579443934652018	0.0	0.0	0.0	1
0.48926949305991313	0.4923299360854566	0.12171195550955921	0.12215154918491766	0.05878787878787882	0.15956918067315926	2.0	0.0	1.0	0.0	4294967295.0	-0.7976010493015054	0.0018181818181818182	0.030303030303030304	0.058787878787878785	0.19314797821733937		0.0		7
0.48926949305991313	0.4923299360854566	0.9854067600705206	0.9889658071466186	0.4759595959595959	-0.8419820597222023	2.0	0.0	1.0	0.0	4294967295.0	1.6788529036799753	0.7765656565656566	0.6262626262626263	0.47595959595959597	0.19314797821733937		0.0		3
0.48926949305991313	0.4923299360854566	0.19867071775615333	0.1993882675698828	0.09595959595959605	0.2546316712869563	2.0	0.0	1.0	0.0	4294967295.0	-0.5769388084547294	0.005050505050505051	0.050505050505050504	0.09595959595959595	0.19314797821733937		0.0		1
0.683750117678692	0.6854202331140761	0.7971101054542392	0.7973039215729266	0.47212121212121216	0.8016131233895818	4.0	0.0	2.0	0.0	1.0	0.673615268858331	0.1313131313131313	0.3434343434343434	0.5555555555555556	0.38629595643467873	0.0	0.0	0.0	5
1.1322512091154782	1.119995944426637	0.5034451720874515	0.49805961820104716	0.5252525252525252	-2.726893943401269	9.0	0.0	6.0	0.0	1.0	-0.9790527694802539	3.568282828282828	2.111111111111111	0.6539393939393939	1.158887869304036	0.0	0.0	0.0	4
0.683750117678692	0.6854202331140761	0.34522114021672684	0.34530508021576567	0.2191919191919193	-2.6407426607662505	4.0	0.0	2.0	0.0	1.0	-0.5798131323615557	1.6381818181818182	0.9393939393939393	0.2406060606060606	0.38629595643467873	0.0	0.0	0.0	1
0.8277465128678779	0.8267906928265433	0.3092023354118397	0.30832426120701567	0.2404040404040404	-2.249887833802033	5.0	0.0	3.0	0.0	1.0	-0.9610758109242523	1.7915151515151515	1.0303030303030303	0.2690909090909091	0.579443934652018	0.0	0.0	0.0	7
1.2100396725572446	1.1934377579838085	0.823540756333912	0.8128866441341183	0.7262626262626264	0.1749171962636153	15.0	0.0	7.0	0.0	2.0	-0.30702718870858736	0.9664646464646466	1.0707070707070707	1.174949494949495	1.3520358475213754	0.0	0.0	0.0	3
				0.0		1.0	0.0	0.0	0.0	4294967295.0		0.0	0.0	0.0	0.0		0.0		2
				0.0		1.0	0.0	0.0	0.0	4294967295.0		0.0	0.0	0.0	0.0		0.0		9
0.48926949305991313	0.4923299360854566	0.12171195550955921	0.12215154918491766	0.05878787878787882	-5.15940350843215	2.0	0.0	1.0	0.0	4294967295.0	-0.7976010493015054	1.9008080808080807	0.9797979797979798	0.058787878787878785	0.19314797821733937		0.0		6
0.8277465128678779	0.8267906928265433	0.22424133333921706	0.22360453177625908	0.18848484848484837	-2.5281382930779746	4.0	0.0	3.0	0.0	0.0	-1.1900452655028697	1.9058585858585857	1.0505050505050506	0.19515151515151513	0.579443934652018	0.0	0.0	0.0	1
				0.0		1.0	0.0	0.0	0.0	4294967295.0		0.0	0.0	0.0	0.0		0.0		7
0.48926949305991313	0.4923299360854566	0.2358953364515168	0.23674733244087134	0.11393939393939395	0.29876782764336207	2.0	0.0	1.0	0.0	4294967295.0	-0.470205441958191	0.007272727272727273	0.06060606060606061	0.11393939393939394	0.19314797821733937		0.0		7
0.48926949305991313	0.4923299360854566	0.9101210143945047	0.9134081478569789	0.43959595959595954	-1.3851962918010423	2.0	0.0	1.0	0.0	4294967295.0	1.4629876680689988	0.9341414141414142	0.6868686868686869	0.4395959595959596	0.19314797821733937		0.0		4
