0.8277465128678779	0.8267906928265433	0.34680802485382023	0.3458231578403014	0.2563636363636365	-2.3919985833893165	5.0	0.0	3.0	0.0	1.0	-0.8597286752910939	1.9204040404040403	1.1111111111111112	0.3018181818181818	0.579443934652018	0.0	0.0	0.0	6
0.8277465128678779	0.8267906928265433	0.655313958609327	0.6534529950355895	0.5076767676767676	-1.9865649742726548	5.0	0.0	3.0	0.0	1.0	-0.028306803337590183	1.9145454545454546	1.2424242424242424	0.5703030303030303	0.579443934652018	0.0	0.0	0.0	11
1.1322512091154782	1.119995944426637	1.2832641689507454	1.2695365800978808	0.8890909090909092	0.3028201925224475	19.0	0.0	6.0	0.0	4.0	0.9849322268383266	1.3432323232323233	1.5050505050505052	1.6668686868686868	1.158887869304036	0.0	0.0	0.0	8
0.683750117678692	0.6854202331140761	0.16869748413613353	0.16873850267470664	0.1157575757575758	0.21529038171034476	3.0	0.0	2.0	0.0	0.0	-1.0694461640119157	0.0036363636363636364	0.06060606060606061	0.11757575757575757	0.38629595643467873	0.0	0.0	0.0	5
0.8277465128678779	0.8267906928265433	0.3087380676409511	0.307861311865864	0.2404040404040404	0.37617551361339724	5.0	0.0	3.0	0.0	1.0	-0.9623270101295999	0.014141414141414142	0.1414141414141414	0.2686868686868687	0.579443934652018	0.0	0.0	0.0	5
1.0448862968084678	1.0367645284728637	0.7528657726392224	0.7466298851633604	0.6260606060606061	-2.745643917299605	10.0	0.0	5.0	0.0	2.0	-0.19483078664466166	3.4660606060606063	2.1717171717171717	0.8773737373737374	0.9657398910866968	0.0	0.0	0.0	5
0.8277465128678779	0.8267906928265433	0.8844301035428748	0.8819184948939411	0.6232323232323232	-0.2328705560463886	6.0	0.0	3.0	0.0	1.0	0.5891600045014677	0.9272727272727272	0.8484848484848484	0.7696969696969697	0.579443934652018	0.0	0.0	0.0	8
1.280192013892186	1.2591029260400894	1.0472856248247417	1.031555484255118	0.8804040404040405	0.6572460741709931	19.0	0.0	8.0	0.0	4.0	0.12284866041062423	0.7604040404040404	1.1919191919191916	1.6234343434343437	1.545183825738715	0.0	0.0	0.0	9
1.1322512091154782	1.119995944426637	0.9365915435003501	0.9265724500484109	0.7232323232323233	0.8778383109077704	16.0	0.0	6.0	0.0	3.0	0.11183239500862675	0.2783838383838384	0.7474747474747474	1.2165656565656566	1.158887869304036	0.0	0.0	0.0	1
0.8277465128678779	0.8267906928265433	0.3078095320991738	0.30693541318356066	0.22303030303030305	0.3737870976539471	6.0	0.0	3.0	0.0	1.0	-0.9648294085402952	0.014949494949494949	0.1414141414141414	0.2678787878787879	0.579443934652018	0.0	0.0	0.0	1
1.2100396725572446	1.1934377579838085	1.0961191531603873	1.0819387056812604	0.8648484848484849	-2.5115533083665222	20.0	0.0	7.0	0.0	4.0	0.3672171025170554	4.557373737373738	3.0606060606060606	1.563838383838384	1.3520358475213754	0.0	0.0	0.0	9
0.683750117678692	0.6854202331140761	0.8681253693947077	0.8683364527676055	0.537979797979798	-3.78285050132893	4.0	0.0	2.0	0.0	1.0	0.8705940746946825	2.607070707070707	1.606060606060606	0.6050505050505051	0.38629595643467873	0.0	0.0	0.0	3
1.0448862968084678	1.0367645284728637	0.6497216016237175	0.6443400436546799	0.5450505050505049	-1.1364831697640945	10.0	0.0	5.0	0.0	3.0	-0.4598536847591302	1.8286868686868685	1.292929292929293	0.7571717171717172	0.9657398910866968	0.0	0.0	0.0	7
1.1322512091154782	1.119995944426637	1.112805130146962	1.1009010096473562	0.8309090909090909	-2.228620518002285	18.0	0.0	6.0	0.0	3.0	0.555628765337496	3.827272727272727	2.6363636363636362	1.4454545454545453	1.158887869304036	0.0	0.0	0.0	2
0.48926949305991313	0.4923299360854566	1.0351790030452201	1.0389178152325471	0.4999999999999999	-0.3112164871285023	2.0	0.0	1.0	0.0	4294967295.0	1.8215638094450097	0.6111111111111112	0.5555555555555556	0.5	0.19314797821733937		0.0		4
1.0448862968084678	1.0367645284728637	0.46475549998750987	0.46090599173911334	0.42868686868686884	0.5275304607766216	9.0	0.0	5.0	0.0	1.0	-0.9351132348232274	0.04424242424242424	0.29292929292929293	0.5416161616161617	0.9657398910866968	0.0	0.0	0.0	7
1.0448862968084678	1.0367645284728637	0.8041778308250869	0.7975169323676787	0.6670707070707071	0.20955515460582252	10.0	0.0	5.0	0.0	2.0	-0.06298746254065728	0.7395959595959596	0.8383838383838385	0.9371717171717171	0.9657398910866968	0.0	0.0	0.0	7
0.9450083143897742	0.9407041938880998	1.0572639205724288	1.0512671192208511	0.7612121212121213	-2.90363922389066	8.0	0.0	4.0	0.0	2.0	0.7952171901528774	3.442828282828283	2.2626262626262625	1.0824242424242425	0.7725919128693575	0.0	0.0	0.0	4
1.2100396725572446	1.1934377579838085	1.3534048399311436	1.3358958983208222	0.8537373737373739	0.324749368256867	20.0	0.0	7.0	0.0	4.0	1.003633662079129	1.5438383838383838	1.7373737373737375	1.930909090909091	1.3520358475213754	0.16666666666666666	1.0	0.2857142857142857	7
0.9450083143897742	0.9407041938880998	0.7164847509515656	0.7124208491771015	0.525050505050505	-0.9537972733047204	9.0	0.0	4.0	0.0	2.0	-0.10024275844694883	1.508888888888889	1.121212121212121	0.7335353535353535	0.7725919128693575	0.0	0.0	0.0	6
1.4026911725731355	1.3724055377271644	0.8598276522266612	0.8436822602551826	0.8298989898989901	-0.18021935359585986	27.0	0.0	10.0	0.0	4.0	-0.5220913239964637	1.8165656565656565	1.6767676767676767	1.5369696969696973	1.9314797821733936	0.0	0.0	0.0	6
0.48926949305991313	0.4923299360854566	0.12171195550955921	0.12215154918491766	0.05878787878787882	0.15956918067315926	2.0	0.0	1.0	0.0	4294967295.0	-0.7976010493015054	0.0018181818181818182	0.030303030303030304	0.058787878787878785	0.19314797821733937		0.0		5
1.1322512091154782	1.119995944426637	1.155730946488061	1.1433676314031456	0.844848484848485	0.5220907439119858	14.0	0.0	6.0	0.0	3.0	0.6637380311898955	0.9432323232323233	1.2222222222222223	1.5012121212121214	1.158887869304036	0.0	0.0	0.0	5
1.0448862968084678	1.0367645284728637	0.8912003078835465	0.8838186137750026	0.7036363636363637	-0.5609564363579179	11.0	0.0	5.0	0.0	2.0	0.16061168847356705	1.5674747474747475	1.303030303030303	1.0385858585858587	0.9657398910866968	0.0	0.0	0.0	3
1.0448862968084678	1.0367645284728637	1.317645115779583	1.3067312358108916	0.8656565656565657	-0.2781212583623294	13.0	0.0	5.0	0.0	3.0	1.256336611770361	1.7977777777777777	1.6666666666666667	1.5355555555555556	0.9657398910866968	0.0	0.0	0.0	4
0.9450083143897742	0.9407041938880998	0.5631637232761687	0.5599694584278292	0.43717171717171727	-5.589580060231832	9.0	0.0	4.0	0.0	2.0	-0.5031219594093486	5.120404040404041	2.848484848484848	0.5765656565656566	0.7725919128693575	0.0	0.0	0.0	7
0.683750117678692	0.6854202331140761	0.43333803914694097	0.4334434046369183	0.29353535353535365	0.4924194900821716	3.0	0.0	2.0	0.0	0.0	-0.33539861409930716	0.04141414141414141	0.1717171717171717	0.302020202020202	0.38629595643467873	0.0	0.0	0.0	7
0.8277465128678779	0.8267906928265433	0.7405070945673938	0.7384041991369218	0.5666666666666667	-0.24481263584363971	5.0	0.0	3.0	0.0	1.0	0.20128825084370064	0.8101010101010101	0.7272727272727273	0.6444444444444444	0.579443934652018	0.0	0.0	0.0	4
1.280192013892186	1.2591029260400894	1.1849080264940957	1.1671108092144764	0.8882828282828283	-3.017916430463058	26.0	0.0	8.0	0.0	4.0	0.45776931004611154	5.799595959595959	3.8181818181818183	1.836767676767677	1.545183825738715	0.0	0.0	0.0	9
1.344073735825258	1.3184101303266593	0.9816858712015407	0.9650343662436524	0.8591919191919193	-2.8999706324581562	28.0	0.0	9.0	0.0	5.0	-0.14175249362271114	5.794747474747475	3.7171717171717167	1.6395959595959597	1.7383318039560542	0.0	0.0	0.0	4
0.9450083143897742	0.9407041938880998	1.2226217342043242	1.21568702327219	0.7923232323232323	-2.7356436645488182	11.0	0.0	4.0	0.0	3.0	1.2297252601741016	3.4755555555555553	2.3636363636363638	1.2517171717171718	0.7725919128693575	0.0	0.0	0.0	7
0.8277465128678779	0.8267906928265433	0.8468244141008945	0.8444195982606556	0.6056565656565656	-5.345274917249415	6.0	0.0	3.0	0.0	1.0	0.4878128688683096	4.3539393939393936	2.5454545454545454	0.736969696969697	0.579443934652018	0.0	0.0	0.0	8
1.1322512091154782	1.119995944426637	1.0900979954158012	1.0784367821968304	0.8220202020202021	-1.1496581840958349	16.0	0.0	6.0	0.0	4.0	0.49844053050253173	2.6446464646464647	2.0303030303030303	1.415959595959596	1.158887869304036	0.0	0.0	0.0	6
1.2100396725572446	1.1934377579838085	0.7892737578757264	0.7790629563967633	0.7157575757575759	0.7369573346455416	13.0	0.0	7.0	0.0	2.0	-0.391789328176954	0.2476767676767677	0.686868686868687	1.126060606060606	1.3520358475213754	0.0	0.0	0.0	8
1.280192013892186	1.2591029260400894	1.187905484106212	1.1700632452694621	0.8874747474747474	-2.3800554230864357	30.0	0.0	8.0	0.0	5.0	0.4650639832862779	4.966666666666668	3.4040404040404044	1.8414141414141414	1.545183825738715	0.0	0.0	0.0	16
1.2100396725572446	1.1934377579838085	0.8309039130274064	0.8201545439785086	0.7147474747474748	-0.654922525545164	16.0	0.0	7.0	0.0	5.0	-0.28881383642612835	1.966060606060606	1.5757575757575757	1.1854545454545455	1.3520358475213754	0.0	0.0	0.0	8
0.8277465128678779	0.8267906928265433	1.0991539475788745	1.096032565176591	0.7173737373737373	0.7075682279871038	6.0	0.0	3.0	0.0	1.0	1.167839636974749	0.4777777777777778	0.7171717171717172	0.9565656565656565	0.579443934652018	0.0	0.0	0.0	7
1.0448862968084678	1.0367645284728637	1.116383968638405	1.1071371080939538	0.803030303030303	-1.7827186976691671	11.0	0.0	5.0	0.0	3.0	0.7392078979705329	2.9818181818181824	2.1414141414141414	1.3010101010101012	0.9657398910866968	0.0	0.0	0.0	9
0.48926949305991313	0.4923299360854566	0.16060959077550083	0.16118967315123156	0.07757575757575756	0.2082321222968887	2.0	0.0	1.0	0.0	4294967295.0	-0.6860706775691675	0.0032323232323232323	0.04040404040404041	0.07757575757575758	0.19314797821733937		0.0		6
1.344073735825258	1.3184101303266593	0.8760905329118728	0.8612301521319338	0.8250505050505051	-0.4531556598950072	23.0	0.0	9.0	0.0	5.0	-0.3949531969836741	2.112525252525253	1.7878787878787878	1.4632323232323234	1.7383318039560542	0.0	0.0	0.0	11
0.683750117678692	0.6854202331140761	0.19565429861149505	0.19570187165880923	0.13393939393939377	-3.2637105738004397	3.0	0.0	2.0	0.0	0.0	-0.9946746173066883	1.8636363636363635	1.0	0.13636363636363635	0.38629595643467873	0.0	0.0	0.0	11
1.5070406700472805	1.4674825756639511	1.592609254677552	1.557453816929143	0.9783838383838385	-2.501218858927211	57.0	0.0	12.0	0.0	7.0	1.0230722185525334	7.678181818181818	5.444444444444445	3.2107070707070706	2.317775738608072	0.0	0.0	0.0	4
1.0448862968084678	1.0367645284728637	1.6087023647460243	1.5953776961353867	0.9080808080808082	-2.7512149132298216	20.0	0.0	5.0	0.0	4.0	2.0041911427521977	4.468686868686869	3.171717171717172	1.8747474747474748	0.9657398910866968	0.0	0.0	0.0	2
0.48926949305991313	0.4923299360854566	0.16060959077550083	0.16118967315123156	0.07757575757575756	0.2082321222968887	2.0	0.0	1.0	0.0	4294967295.0	-0.6860706775691675	0.0032323232323232323	0.04040404040404041	0.07757575757575758	0.19314797821733937		0.0		4
1.0448862968084678	1.0367645284728637	0.5212681046111309	0.5169505099438694	0.5062626262626264	-1.4326030303625066	8.0	0.0	5.0	0.0	2.0	-0.7899074116546279	1.958181818181818	1.2828282828282829	0.6074747474747475	0.9657398910866968	0.0	0.0	0.0	5
1.0448862968084678	1.0367645284728637	1.1238380851991892	1.114529483194581	0.8064646464646466	-2.5142333171213957	12.0	0.0	5.0	0.0	2.0	0.7583608132964518	3.680202020202021	2.494949494949495	1.3096969696969696	0.9657398910866968	0.0	0.0	0.0	3
0.9450083143897742	0.9407041938880998	0.9078893800958837	0.9027398311935677	0.6880808080808082	-4.050283470641046	9.0	0.0	4.0	0.0	3.0	0.4027081101933707	4.222020202020203	2.575757575757576	0.9294949494949496	0.7725919128693575	0.0	0.0	0.0	5
0.683750117678692	0.6854202331140761	0.16869748413613353	0.16873850267470664	0.09757575757575772	0.21529038171034476	4.0	0.0	2.0	0.0	1.0	-1.0694461640119157	0.0036363636363636364	0.06060606060606061	0.11757575757575757	0.38629595643467873	0.0	0.0	0.0	4
1.280192013892186	1.2591029260400894	1.0693104220615988	1.0532494709200153	0.8771717171717173	-3.3677707311804825	25.0	0.0	8.0	0.0	4.0	0.17644865074054614	6.079797979797979	3.868686868686869	1.657575757575758	1.545183825738715	0.0	0.0	0.0	5
1.0448862968084678	1.0367645284728637	0.7504388509682693	0.7442230653631562	0.6208080808080809	-2.023128598965418	11.0	0.0	5.0	0.0	2.0	-0.20106661954147248	2.782020202020202	1.8282828282828283	0.8745454545454546	0.9657398910866968	0.0	0.0	0.0	6
0.8277465128678779	0.8267906928265433	1.1123855790492012	1.1092266213994137	0.7131313131313132	-0.6018808217814354	6.0	0.0	3.0	0.0	1.0	1.2034988143271568	1.3753535353535353	1.1717171717171717	0.9680808080808081	0.579443934652018	0.0	0.0	0.0	11
0.683750117678692	0.6854202331140761	0.34522114021672684	0.34530508021576567	0.23454545454545453	0.4130216188131082	3.0	0.0	2.0	0.0	0.0	-0.5798131323615557	0.022020202020202023	0.13131313131313133	0.2406060606060606	0.38629595643467873	0.0	0.0	0.0	4
1.0448862968084678	1.0367645284728637	0.7225292517523092	0.7165446376608073	0.6044444444444446	0.7148016316615798	12.0	0.0	5.0	0.0	3.0	-0.27277869785479925	0.16808080808080808	0.5050505050505051	0.8420202020202021	0.9657398910866968	0.0	0.0	0.0	6
0.9450083143897742	0.9407041938880998	0.7887054666905557	0.7842319289895001	0.6303030303030303	-1.6665358298023591	8.0	0.0	4.0	0.0	2.0	0.08953045590599641	2.1622222222222223	1.4848484848484846	0.8074747474747475	0.7725919128693575	0.0	0.0	0.0	10
1.1322512091154782	1.119995944426637	1.2369167295679648	1.2236849377673549	0.847878787878788	-2.191571355870949	19.0	0.0	6.0	0.0	4.0	0.8682055557368236	3.948888888888889	2.7777777777777777	1.6066666666666667	1.158887869304036	0.0	0.0	0.0	1
0.9450083143897742	0.9407041938880998	0.28355510523751026	0.2819467805749091	0.22323232323232334	0.34145842978652574	6.0	0.0	4.0	0.0	2.0	-1.2378450324643304	0.012727272727272726	0.15151515151515152	0.2903030303030303	0.7725919128693575	0.0	0.0	0.0	6
0.8277465128678779	0.8267906928265433	1.0780297640034413	1.07496837015419	0.7026262626262627	-2.8995369747724706	7.0	0.0	3.0	0.0	2.0	1.1109100731314319	2.9002020202020202	1.9191919191919191	0.9381818181818182	0.579443934652018	0.0	0.0	0.0	8
0.8277465128678779	0.8267906928265433	0.511390949633846	0.5099386992785703	0.40040404040404054	-4.207791816561286	5.0	0.0	3.0	0.0	1.0	-0.41617855699535705	3.2923232323232323	1.868686868686869	0.4450505050505051	0.579443934652018	0.0	0.0	0.0	5
0.8277465128678779	0.8267906928265433	1.1985072505490455	1.1951037241830496	0.7363636363636364	0.48544554375824134	8.0	0.0	3.0	0.0	2.0	1.4355962669191435	0.7145454545454545	0.8787878787878789	1.0430303030303032	0.579443934652018	0.0	0.0	0.0	4
0.8277465128678779	0.8267906928265433	0.24536551691465058	0.2446687267986603	0.1884848484848486	-2.5036570294936102	5.0	0.0	3.0	0.0	1.0	-1.133115701659552	1.9076767676767674	1.0606060606060606	0.21353535353535352	0.579443934652018	0.0	0.0	0.0	7
0.9450083143897742	0.9407041938880998	0.5969061888263526	0.5935205367008352	0.517979797979798	0.5343054032321912	7.0	0.0	4.0	0.0	1.0	-0.41445742483461184	0.17676767676767677	0.3939393939393939	0.6111111111111112	0.7725919128693575	0.0	0.0	0.0	4
0.9450083143897742	0.9407041938880998	0.49587611653574337	0.4930635070179168	0.45292929292929307	-3.69639933380261	5.0	0.0	4.0	0.0	0.0	-0.6799325225086775	3.512525252525253	2.0101010101010104	0.5076767676767676	0.7725919128693575	0.0	0.0	0.0	6
0.48926949305991313	0.4923299360854566	0.12171195550955921	0.12215154918491766	0.05878787878787882	0.15956918067315926	2.0	0.0	1.0	0.0	4294967295.0	-0.7976010493015054	0.0018181818181818182	0.030303030303030304	0.058787878787878785	0.19314797821733937		0.0		2
1.1322512091154782	1.119995944426637	0.658506907203667	0.651462596065256	0.6616161616161617	-1.310330570889893	9.0	0.0	6.0	0.0	1.0	-0.5885276316003925	2.2557575757575763	1.5555555555555556	0.8553535353535354	1.158887869304036	0.0	0.0	0.0	2
0.9450083143897742	0.9407041938880998	0.8820398889434036	0.8770369583645397	0.6575757575757575	-0.8101560997846246	9.0	0.0	4.0	0.0	2.0	0.33478381762441994	1.5616161616161617	1.2323232323232323	0.903030303030303	0.7725919128693575	0.0	0.0	0.0	4
0.9450083143897742	0.9407041938880998	0.390110259606512	0.3878975540686118	0.33858585858585843	-1.6764763954438888	7.0	0.0	4.0	0.0	1.0	-0.9578517653862146	1.7622222222222224	1.0808080808080809	0.39939393939393936	0.7725919128693575	0.0	0.0	0.0	4
1.2100396725572446	1.1934377579838085	0.9004291041140553	0.8887802905861173	0.7947474747474748	-1.183402969295118	16.0	0.0	7.0	0.0	3.0	-0.11683776006675692	2.6951515151515153	1.9898989898989898	1.2846464646464646	1.3520358475213754	0.0	0.0	0.0	3
0.9450083143897742	0.9407041938880998	0.6691269045653426	0.6653316165132336	0.5735353535353537	0.6168120980568829	8.0	0.0	4.0	0.0	1.0	-0.2246842104816669	0.18363636363636363	0.4343434343434343	0.685050505050505	0.7725919128693575	0.0	0.0	0.0	8
1.1322512091154782	1.119995944426637	0.6645725116866484	0.6574633143568349	0.6105050505050504	-0.407162730769883	11.0	0.0	6.0	0.0	2.0	-0.5732513222951621	1.2983838383838384	1.0808080808080809	0.8632323232323234	1.158887869304036	0.0	0.0	0.0	8
1.2100396725572446	1.1934377579838085	0.6965263033711335	0.6875153718183851	0.671919191919192	0.701363719126783	15.0	0.0	7.0	0.0	2.0	-0.6212075155810037	0.1577777777777778	0.5757575757575757	0.9937373737373737	1.3520358475213754	0.0	0.0	0.0	9
0.683750117678692	0.6854202331140761	0.19565429861149505	0.19570187165880923	0.13393939393939377	0.24811834771582283	3.0	0.0	2.0	0.0	0.0	-0.9946746173066883	0.00505050505050505	0.07070707070707072	0.13636363636363635	0.38629595643467873	0.0	0.0	0.0	5
0.683750117678692	0.6854202331140761	0.7321818641372393	0.7323598930520773	0.47494949494949484	-1.2016562440144778	3.0	0.0	2.0	0.0	0.0	0.4935203606650949	1.1462626262626263	0.8282828282828283	0.5103030303030303	0.38629595643467873	0.0	0.0	0.0	7
1.0448862968084678	1.0367645284728637	1.259572347224635	1.2491394763060044	0.8521212121212122	-1.2573309276349365	16.0	0.0	5.0	0.0	3.0	1.1071220388823833	2.6533333333333333	2.0606060606060606	1.467878787878788	0.9657398910866968	0.0	0.0	0.0	6
0.48926949305991313	0.4923299360854566	0.2358953364515168	0.23674733244087134	0.11393939393939395	0.29876782764336207	2.0	0.0	1.0	0.0	4294967295.0	-0.470205441958191	0.007272727272727273	0.06060606060606061	0.11393939393939394	0.19314797821733937		0.0		16
1.280192013892186	1.2591029260400894	0.663611050473816	0.6536436692169065	0.7195959595959596	-1.0178698564408437	15.0	0.0	8.0	0.0	2.0	-0.8108695143307343	2.3652525252525254	1.696969696969697	1.0286868686868689	1.545183825738715	0.0	0.0	0.0	5
1.280192013892186	1.2591029260400894	0.7335951695045385	0.7225766327615802	0.7466666666666668	-2.3142077358801645	18.0	0.0	8.0	0.0	5.0	-0.6405547521581428	4.175959595959595	2.656565656565656	1.1371717171717173	1.545183825738715	0.0	0.0	0.0	1
0.8277465128678779	0.8267906928265433	1.2242741118333653	1.2207974126169674	0.7686868686868688	0.16360649322233506	6.0	0.0	3.0	0.0	1.0	1.5050378228159367	0.9547474747474748	1.01010101010101	1.0654545454545454	0.579443934652018	0.0	0.0	0.0	5
1.280192013892186	1.2591029260400894	0.8093135552714841	0.7971577348462272	0.7339393939393941	-2.3354389995120934	21.0	0.0	8.0	0.0	3.0	-0.45628496291740606	4.321212121212121	2.787878787878788	1.2545454545454546	1.545183825738715	0.0	0.0	0.0	8
0.8277465128678779	0.8267906928265433	0.552246513472047	0.5506782412999176	0.4264646464646465	-1.4157335599640712	5.0	0.0	3.0	0.0	1.0	-0.3060730269247653	1.4385858585858586	0.9595959595959597	0.4806060606060606	0.579443934652018	0.0	0.0	0.0	8
0.8277465128678779	0.8267906928265433	0.731221739149621	0.7291452123138884	0.5430303030303031	0.8060903863144225	5.0	0.0	3.0	0.0	1.0	0.17626426673674814	0.09090909090909091	0.36363636363636365	0.6363636363636364	0.579443934652018	0.0	0.0	0.0	3
0.9450083143897742	0.9407041938880998	0.4942975216562027	0.4914938659291213	0.404848484848485	-1.8116680881686849	8.0	0.0	4.0	0.0	1.0	-0.6840805709098345	1.9787878787878785	1.2424242424242424	0.5060606060606061	0.7725919128693575	0.0	0.0	0.0	8
0.8277465128678779	0.8267906928265433	0.6030838343843541	0.6013711941560261	0.4737373737373736	-2.2701893694573583	6.0	0.0	3.0	0.0	2.0	-0.16906671393919903	2.061010101010101	1.2929292929292928	0.5248484848484849	0.579443934652018	0.0	0.0	0.0	5
1.2100396725572446	1.1934377579838085	1.0203635987177047	1.0071631976668598	0.8379797979797982	0.9511970013870243	18.0	0.0	7.0	0.0	4.0	0.17982972807252598	0.322020202020202	0.8888888888888888	1.4557575757575758	1.3520358475213754	0.0	0.0	0.0	6
0.683750117678692	0.6854202331140761	0.16869748413613353	0.16873850267470664	0.1157575757575758	0.21529038171034476	3.0	0.0	2.0	0.0	0.0	-1.0694461640119157	0.0036363636363636364	0.06060606060606061	0.11757575757575757	0.38629595643467873	0.0	0.0	0.0	10
0.48926949305991313	0.4923299360854566	0.5621335677142529	0.5641638560293105	0.2715151515151517	0.6156427963560189	2.0	0.0	1.0	0.0	4294967295.0	0.46521057902270746	0.05171717171717172	0.16161616161616163	0.27151515151515154	0.19314797821733937		0.0		7
1.2100396725572446	1.1934377579838085	0.5799901887798665	0.5724868800504382	0.56989898989899	-2.2047702412762664	15.0	0.0	7.0	0.0	3.0	-0.9094688411283821	3.455353535353536	2.141414141414141	0.8274747474747476	1.3520358475213754	0.0	0.0	0.0	4
1.0448862968084678	1.0367645284728637	0.8150989783443757	0.808347621468598	0.7078787878787879	-1.1990497394419062	10.0	0.0	5.0	0.0	1.0	-0.03492621450500724	2.0804040404040407	1.5151515151515151	0.94989898989899	0.9657398910866968	0.0	0.0	0.0	10
0.8277465128678779	0.8267906928265433	0.4073949689547888	0.40623804686059495	0.33272727272727254	-1.9077472476108002	4.0	0.0	3.0	0.0	0.0	-0.6964471789932274	1.6454545454545455	1.0	0.35454545454545455	0.579443934652018	0.0	0.0	0.0	4
1.1322512091154782	1.119995944426637	0.7057875165069063	0.6982374258252556	0.6646464646464646	-0.7417393479763328	11.0	0.0	6.0	0.0	2.0	-0.4694507590673152	1.7094949494949496	1.3131313131313131	0.9167676767676769	1.158887869304036	0.0	0.0	0.0	6
0.8277465128678779	0.8267906928265433	0.715436634939407	0.7134049347147315	0.5628282828282829	0.16838332514123536	6.0	0.0	3.0	0.0	2.0	0.13372349375492895	0.5086868686868687	0.5656565656565656	0.6226262626262627	0.579443934652018	0.0	0.0	0.0	11
1.0448862968084678	1.0367645284728637	1.2470910357740193	1.236761545904954	0.8501010101010101	0.6402359938263787	15.0	0.0	5.0	0.0	3.0	1.0750520411273548	0.8496969696969696	1.1515151515151516	1.4533333333333334	0.9657398910866968	0.0	0.0	0.0	2
1.280192013892186	1.2591029260400894	1.0371203337923462	1.0215428750251652	0.844848484848485	-2.5052891085675184	23.0	0.0	8.0	0.0	5.0	0.09811020333527558	4.897373737373738	3.2525252525252526	1.6076767676767678	1.545183825738715	0.0	0.0	0.0	5
0.8277465128678779	0.8267906928265433	0.3839494465249121	0.3828591051324354	0.3022222222222223	-1.8784891521075362	5.0	0.0	3.0	0.0	1.0	-0.7596327388632831	1.6052525252525252	0.9696969696969697	0.33414141414141413	0.579443934652018	0.0	0.0	0.0	4
0.9450083143897742	0.9407041938880998	0.5594145604372593	0.5562415608419397	0.490909090909091	0.6386813424682469	6.0	0.0	4.0	0.0	1.0	-0.5129735743620971	0.05353535353535354	0.31313131313131315	0.5727272727272728	0.7725919128693575	0.0	0.0	0.0	8
0.8277465128678779	0.8267906928265433	0.47216032299375527	0.47081947995125367	0.336969696969697	0.557695126531608	6.0	0.0	3.0	0.0	1.0	-0.5219048898472322	0.033535353535353536	0.2222222222222222	0.41090909090909095	0.579443934652018	0.0	0.0	0.0	6
1.0448862968084678	1.0367645284728637	0.6095040425050668	0.6044556012512952	0.5513131313131313	0.6496638330928983	10.0	0.0	5.0	0.0	1.0	-0.5631903441919988	0.09777777777777777	0.40404040404040403	0.7103030303030302	0.9657398910866968	0.0	0.0	0.0	9
1.0448862968084678	1.0367645284728637	1.0201738595399088	1.0117238945858569	0.7777777777777779	-0.9277850914552275	12.0	0.0	5.0	0.0	3.0	0.4920016652755245	2.0636363636363635	1.6262626262626263	1.188888888888889	0.9657398910866968	0.0	0.0	0.0	4
0.48926949305991313	0.4923299360854566	0.34255014282587287	0.3437873497678611	0.1654545454545454	0.4175959409106084	2.0	0.0	1.0	0.0	4294967295.0	-0.16439635817597417	0.016363636363636365	0.09090909090909091	0.16545454545454547	0.19314797821733937		0.0		6
1.0448862968084678	1.0367645284728637	1.2151943509557792	1.2051290571022695	0.8145454545454547	0.8613616784411121	17.0	0.0	5.0	0.0	4.0	0.9930953801978385	0.6040404040404039	1.0101010101010102	1.4161616161616162	0.9657398910866968	0.0	0.0	0.0	2
0.9450083143897742	0.9407041938880998	0.3885316647269713	0.3863279129798163	0.32282828282828296	0.45676899122826375	6.0	0.0	4.0	0.0	1.0	-0.9619998137873718	0.02646464646464647	0.21212121212121213	0.3977777777777778	0.7725919128693575	0.0	0.0	0.0	5
0.9450083143897742	0.9407041938880998	0.9057188121365151	0.9005815746964737	0.6943434343434344	0.8399777967092119	8.0	0.0	4.0	0.0	2.0	0.3970045436417791	0.24444444444444446	0.5858585858585859	0.9272727272727272	0.7725919128693575	0.0	0.0	0.0	5
0.9450083143897742	0.9407041938880998	0.6332138710557903	0.6296222817431338	0.5337373737373737	-1.759977146832733	9.0	0.0	4.0	0.0	1.0	-0.3190523116079946	2.078989898989899	1.3636363636363635	0.6482828282828283	0.7725919128693575	0.0	0.0	0.0	4
1.1322512091154782	1.119995944426637	0.765510391416261	0.7573214213115707	0.692929292929293	-0.5209565858875568	12.0	0.0	6.0	0.0	2.0	-0.31903786744658635	1.551111111111111	1.2727272727272727	0.9943434343434344	1.158887869304036	0.0	0.0	0.0	6
1.2100396725572446	1.1934377579838085	1.0891807939684408	1.0750901077509696	0.8466666666666667	-1.0196723379088262	19.0	0.0	7.0	0.0	5.0	0.3500545205585846	2.76929292929293	2.1616161616161613	1.5539393939393942	1.3520358475213754	0.0	0.0	0.0	10
0.8277465128678779	0.8267906928265433	0.8818766308029873	0.8793722735176069	0.594949494949495	-1.7620538740843412	7.0	0.0	3.0	0.0	2.0	0.5822784088720556	1.9597979797979797	1.3636363636363635	0.7674747474747474	0.579443934652018	0.0	0.0	0.0	5
0.683750117678692	0.6854202331140761	0.47420804819023105	0.4743233511612029	0.31434343434343454	-2.6445598661157246	3.0	0.0	2.0	0.0	0.0	-0.22203530135267205	1.73010101010101	1.0303030303030303	0.3305050505050505	0.38629595643467873	0.0	0.0	0.0	4
0.9450083143897742	0.9407041938880998	0.8589529388301199	0.8540809574409042	0.677979797979798	0.44881653871504035	7.0	0.0	4.0	0.0	1.0	0.274118609757495	0.5145454545454546	0.696969696969697	0.8793939393939394	0.7725919128693575	0.0	0.0	0.0	1
1.1322512091154782	1.119995944426637	1.5834338266982837	1.566495203245246	0.9183838383838384	-0.8956067866238191	25.0	0.0	6.0	0.0	4.0	1.740913687327928	3.0139393939393937	2.5353535353535355	2.056767676767677	1.158887869304036	0.0	0.0	0.0	1
0.8277465128678779	0.8267906928265433	0.7275075969825119	0.7254416175846751	0.5573737373737375	-0.3379608582621948	5.0	0.0	3.0	0.0	1.0	0.16625467309396733	0.8618181818181818	0.7474747474747475	0.6331313131313132	0.579443934652018	0.0	0.0	0.0	6
1.2100396725572446	1.1934377579838085	0.5991060763495156	0.5913554661849133	0.5202020202020201	-1.8708682290288614	10.0	0.0	7.0	0.0	3.0	-0.8621841765489211	3.0846464646464646	1.9696969696969697	0.854747474747475	1.3520358475213754	0.0	0.0	0.0	6
0.8277465128678779	0.8267906928265433	0.6451000676497767	0.6432681095302526	0.48646464646464654	-0.8186295701015361	6.0	0.0	3.0	0.0	1.0	-0.05583318585523833	1.1153535353535353	0.8383838383838385	0.5614141414141414	0.579443934652018	0.0	0.0	0.0	4
1.1322512091154782	1.119995944426637	0.6631727568059603	0.6560785332126243	0.6385858585858587	0.7046901858449972	12.0	0.0	6.0	0.0	2.0	-0.5767766244425231	0.1082828282828283	0.48484848484848486	0.8614141414141414	1.158887869304036	0.0	0.0	0.0	11
1.0448862968084678	1.0367645284728637	0.6765910915521265	0.6709869771569412	0.6127272727272727	0.4941044851953249	8.0	0.0	5.0	0.0	1.0	-0.3908141062587222	0.32262626262626265	0.5555555555555555	0.7884848484848486	0.9657398910866968	0.0	0.0	0.0	4
0.8277465128678779	0.8267906928265433	0.34959363147915207	0.34860085388721135	0.28787878787878796	0.4215554168429498	4.0	0.0	3.0	0.0	0.0	-0.8522214800590081	0.018989898989898987	0.1616161616161616	0.3042424242424242	0.579443934652018	0.0	0.0	0.0	8
0.48926949305991313	0.4923299360854566	0.6692066282312534	0.6716236381301316	0.3232323232323231	0.6790177900985503	2.0	0.0	1.0	0.0	4294967295.0	0.7722189141138741	0.08080808080808081	0.20202020202020202	0.32323232323232326	0.19314797821733937		0.0		5
1.0448862968084678	1.0367645284728637	0.4397928770862784	0.4361501309370125	0.4290909090909092	-3.2624609243642726	7.0	0.0	5.0	0.0	1.0	-0.9992532303332838	3.588484848484849	2.0505050505050506	0.5125252525252525	0.9657398910866968	0.0	0.0	0.0	4
0.8277465128678779	0.8267906928265433	0.5053554686122936	0.5039203578435985	0.39777777777777784	-4.939841308132754	5.0	0.0	3.0	0.0	1.0	-0.4324441466648764	3.7824242424242422	2.111111111111111	0.4397979797979798	0.579443934652018	0.0	0.0	0.0	5
0.9450083143897742	0.9407041938880998	0.7618693537383627	0.757548030479975	0.6206060606060607	-2.529376927487088	8.0	0.0	4.0	0.0	1.0	0.01901363308632292	2.8361616161616165	1.808080808080808	0.78	0.7725919128693575	0.0	0.0	0.0	13
0.8277465128678779	0.8267906928265433	0.6256008212724535	0.6238242372018824	0.4460606060606062	-1.286759098153763	7.0	0.0	3.0	0.0	2.0	-0.10838355247983866	1.415151515151515	0.9797979797979798	0.5444444444444445	0.579443934652018	0.0	0.0	0.0	8
1.0448862968084678	1.0367645284728637	0.6485081407882411	0.6431366337545779	0.5824242424242425	-2.1894014005749467	12.0	0.0	5.0	0.0	2.0	-0.46297160120753544	2.82	1.787878787878788	0.7557575757575759	0.9657398910866968	0.0	0.0	0.0	8
1.2100396725572446	1.1934377579838085	0.8178767896466087	0.8072959519461258	0.7622222222222222	-2.042056570333369	17.0	0.0	7.0	0.0	2.0	-0.32103745969509395	3.600808080808081	2.383838383838384	1.166868686868687	1.3520358475213754	0.0	0.0	0.0	3
0.8277465128678779	0.8267906928265433	0.5418004886270525	0.540261881124005	0.3933333333333334	0.6174055255178614	7.0	0.0	3.0	0.0	2.0	-0.3342250090450869	0.053737373737373736	0.26262626262626265	0.47151515151515155	0.579443934652018	0.0	0.0	0.0	4
0.683750117678692	0.6854202331140761	0.34522114021672684	0.34530508021576567	0.23454545454545453	0.4130216188131082	3.0	0.0	2.0	0.0	0.0	-0.5798131323615557	0.022020202020202023	0.13131313131313133	0.2406060606060606	0.38629595643467873	0.0	0.0	0.0	7
1.4026911725731355	1.3724055377271644	1.0517292496873436	1.0319804303279085	0.9072727272727273	-5.259175760859545	32.0	0.0	10.0	0.0	5.0	-0.06812791013968379	10.039191919191918	5.959595959595959	1.8800000000000003	1.9314797821733936	0.0	0.0	0.0	7
0.48926949305991313	0.4923299360854566	0.19867071775615333	0.1993882675698828	0.09595959595959605	-4.83800175445217	2.0	0.0	1.0	0.0	4294967295.0	-0.5769388084547294	1.8232323232323233	0.9595959595959596	0.09595959595959595	0.19314797821733937		0.0		6
1.0448862968084678	1.0367645284728637	0.9028148615945362	0.8953369656759801	0.7292929292929293	0.6033817130572569	11.0	0.0	5.0	0.0	2.0	0.1904546030511626	0.48323232323232324	0.7676767676767677	1.0521212121212122	0.9657398910866968	0.0	0.0	0.0	3
1.2100396725572446	1.1934377579838085	1.0452850521418395	1.031762243294027	0.8236363636363638	0.9430613178398793	22.0	0.0	7.0	0.0	5.0	0.24147492041315616	0.3672727272727273	0.9292929292929293	1.4913131313131314	1.3520358475213754	0.0	0.0	0.0	10
0.48926949305991313	0.4923299360854566	0.34255014282587287	0.3437873497678611	0.1654545454545454	-4.222358958096152	2.0	0.0	1.0	0.0	4294967295.0	-0.16439635817597417	1.672929292929293	0.9191919191919192	0.16545454545454547	0.19314797821733937		0.0		8
0.683750117678692	0.6854202331140761	0.32174262438334744	0.32182085561670853	0.20303030303030312	0.38935494564636824	4.0	0.0	2.0	0.0	1.0	-0.6449367375564312	0.018181818181818184	0.12121212121212122	0.22424242424242424	0.38629595643467873	0.0	0.0	0.0	3
1.1322512091154782	1.119995944426637	1.0989631096601584	1.0872070627768302	0.8385858585858587	-1.336038152776942	16.0	0.0	6.0	0.0	4.0	0.5207674441024837	2.8553535353535358	2.1414141414141414	1.4274747474747476	1.158887869304036	0.0	0.0	0.0	8
0.9450083143897742	0.9407041938880998	0.7715382473755499	0.767162082148848	0.6377777777777778	-0.24354385821746402	7.0	0.0	4.0	0.0	1.0	0.044420429543411084	0.9878787878787878	0.888888888888889	0.7898989898989899	0.7725919128693575	0.0	0.0	0.0	6
1.0448862968084678	1.0367645284728637	1.0182669925127315	1.0098328218856965	0.7852525252525254	-0.6539492145776797	11.0	0.0	5.0	0.0	3.0	0.4871020822851727	1.8032323232323233	1.4949494949494948	1.1866666666666668	0.9657398910866968	0.0	0.0	0.0	7
1.344073735825258	1.3184101303266593	1.130462808310695	1.1112877263323282	0.9036363636363637	0.8025395196398207	31.0	0.0	9.0	0.0	4.0	0.21499076540819909	0.7381818181818182	1.3131313131313131	1.8880808080808082	1.7383318039560542	0.0	0.0	0.0	4
0.8277465128678779	0.8267906928265433	0.4491790683347672	0.44790348756424575	0.32181818181818184	-2.039110125380558	5.0	0.0	3.0	0.0	1.0	-0.5838392505119402	1.7707070707070707	1.0808080808080809	0.39090909090909093	0.579443934652018	0.0	0.0	0.0	10
1.0448862968084678	1.0367645284728637	0.8310473207534957	0.8241638658699401	0.6707070707070708	0.7687974383698285	12.0	0.0	5.0	0.0	3.0	0.0060521159597506915	0.24363636363636362	0.6060606060606061	0.9684848484848485	0.9657398910866968	0.0	0.0	0.0	8
1.0448862968084678	1.0367645284728637	0.8553165374630264	0.8482320638719826	0.7070707070707071	-3.1137581868423485	11.0	0.0	5.0	0.0	2.0	0.0684104449278611	3.9325252525252528	2.4646464646464645	0.9967676767676769	0.9657398910866968	0.0	0.0	0.0	4
0.9450083143897742	0.9407041938880998	0.3019062707121717	0.3001938582321579	0.2585858585858588	0.3628306459158134	7.0	0.0	4.0	0.0	2.0	-1.189623969800877	0.014141414141414142	0.16161616161616163	0.3090909090909091	0.7725919128693575	0.0	0.0	0.0	5
0.8277465128678779	0.8267906928265433	0.8017904403246955	0.7995135121689431	0.5686868686868687	0.8084788022738728	6.0	0.0	3.0	0.0	2.0	0.36644654594958886	0.1507070707070707	0.42424242424242425	0.6977777777777778	0.579443934652018	0.0	0.0	0.0	7
1.1322512091154782	1.119995944426637	0.5552361026729077	0.5492965205368361	0.5341414141414141	-1.0698890697110204	13.0	0.0	6.0	0.0	2.0	-0.848616590027903	1.8646464646464647	1.2929292929292928	0.7212121212121212	1.158887869304036	0.0	0.0	0.0	7
0.8277465128678779	0.8267906928265433	0.5202120372807303	0.518734736760452	0.4254545454545455	0.5320196549675189	4.0	0.0	3.0	0.0	0.0	-0.39240577209375216	0.09272727272727273	0.2727272727272727	0.4527272727272727	0.579443934652018	0.0	0.0	0.0	11
0.683750117678692	0.6854202331140761	0.6278329048777753	0.6279855615007124	0.4224242424242425	-1.323806815197652	3.0	0.0	2.0	0.0	0.0	0.2040821153545375	1.1381818181818182	0.7878787878787878	0.43757575757575756	0.38629595643467873	0.0	0.0	0.0	3
1.280192013892186	1.2591029260400894	0.9593167601213196	0.944907904380528	0.8036363636363638	0.34185411442133573	20.0	0.0	8.0	0.0	3.0	-0.09123414120296863	1.038181818181818	1.2626262626262625	1.4870707070707072	1.545183825738715	0.0	0.0	0.0	1
				0.0		1.0	0.0	0.0	0.0	4294967295.0		0.0	0.0	0.0	0.0		0.0		2
1.280192013892186	1.2591029260400894	0.7633090971376945	0.7518442597414418	0.7656565656565657	0.4329331584075782	18.0	0.0	8.0	0.0	3.0	-0.5682423391686625	0.6147474747474748	0.8989898989898989	1.1832323232323234	1.545183825738715	0.0	0.0	0.0	10
0.683750117678692	0.6854202331140761	0.4971068475832801	0.4972277183627524	0.3157575757575759	-2.6224200750887747	4.0	0.0	2.0	0.0	1.0	-0.15851968640952196	1.7343434343434343	1.0404040404040404	0.3464646464646465	0.38629595643467873	0.0	0.0	0.0	5
0.8277465128678779	0.8267906928265433	0.72472199035718	0.722663921537765	0.5602020202020203	0.4908194796670042	6.0	0.0	3.0	0.0	1.0	0.15874747786188145	0.29858585858585857	0.46464646464646464	0.6307070707070708	0.579443934652018	0.0	0.0	0.0	5
1.2100396725572446	1.1934377579838085	1.0190892062130614	1.0059052919245615	0.8446464646464648	0.7956020535478783	18.0	0.0	7.0	0.0	3.0	0.1766774171005621	0.5056565656565657	0.9797979797979798	1.453939393939394	1.3520358475213754	0.0	0.0	0.0	6
0.9450083143897742	0.9407041938880998	1.0262839960614412	1.0204629128532374	0.7315151515151516	-3.255038219318715	10.0	0.0	4.0	0.0	2.0	0.7138117402801658	3.696767676767677	2.3737373737373737	1.0507070707070707	0.7725919128693575	0.0	0.0	0.0	7
0.48926949305991313	0.4923299360854566	0.9636575446530049	0.9671380389073894	0.46545454545454545	0.5703749436827821	2.0	0.0	1.0	0.0	4294967295.0	1.616491835614582	0.26181818181818184	0.36363636363636365	0.46545454545454545	0.19314797821733937		0.0		3
0.9450083143897742	0.9407041938880998	0.7377957818253661	0.7336110038758422	0.6155555555555555	-1.9438776112010225	9.0	0.0	4.0	0.0	2.0	-0.0442441050313253	2.3355555555555556	1.5454545454545456	0.7553535353535354	0.7725919128693575	0.0	0.0	0.0	9
0.48926949305991313	0.4923299360854566	0.4094708056489982	0.4109497135808742	0.19777777777777777	0.48549771992046337	2.0	0.0	1.0	0.0	4294967295.0	0.027483851256004894	0.024444444444444446	0.1111111111111111	0.19777777777777777	0.19314797821733937		0.0		5
0.9450083143897742	0.9407041938880998	0.9574177944414752	0.9519873203545295	0.6923232323232323	-1.5646450319766858	8.0	0.0	4.0	0.0	2.0	0.5328531287796797	2.252121212121212	1.6161616161616161	0.9802020202020202	0.7725919128693575	0.0	0.0	0.0	11
1.1322512091154782	1.119995944426637	0.31401167823434184	0.3106525700178913	0.3254545454545457	0.36633304189045185	9.0	0.0	6.0	0.0	1.0	-1.4561436600897537	0.016363636363636365	0.21212121212121213	0.40787878787878784	1.158887869304036	0.0	0.0	0.0	5
0.8277465128678779	0.8267906928265433	0.35052216702092936	0.3495267525695147	0.2573737373737374	0.4239438328023999	6.0	0.0	3.0	0.0	2.0	-0.8497190816483129	0.01818181818181818	0.16161616161616163	0.305050505050505	0.579443934652018	0.0	0.0	0.0	8
1.0448862968084678	1.0367645284728637	0.6008364651088061	0.5958598162505658	0.5462626262626262	-3.1000449660910476	10.0	0.0	5.0	0.0	1.0	-0.5854611759663235	3.623030303030303	2.1616161616161618	0.7002020202020203	0.9657398910866968	0.0	0.0	0.0	5
0.8277465128678779	0.8267906928265433	0.5243904472187282	0.5229012808308171	0.40444444444444444	-2.024779629623857	5.0	0.0	3.0	0.0	1.0	-0.38114497924562335	1.8264646464646463	1.1414141414141414	0.45636363636363636	0.579443934652018	0.0	0.0	0.0	9
1.456812522224161	1.4218876372101144	1.3058666769088172	1.2791252210171389	0.9476767676767677	-1.7068144861024641	41.0	0.0	11.0	0.0	7.0	0.4420869599610925	5.333535353535353	3.9090909090909087	2.4846464646464645	2.124627760390733	0.0	0.0	0.0	3
0.9450083143897742	0.9407041938880998	0.5246854730873625	0.5217094568884365	0.41454545454545466	-1.3872059352753907	8.0	0.0	4.0	0.0	2.0	-0.6042306391875572	1.664848484848485	1.101010101010101	0.5371717171717172	0.7725919128693575	0.0	0.0	0.0	3
0.683750117678692	0.6854202331140761	0.5304405429022755	0.5305695187194384	0.3581818181818181	-1.8093553356507703	3.0	0.0	2.0	0.0	0.0	-0.06606024693531616	1.3272727272727272	0.8484848484848485	0.3696969696969697	0.38629595643467873	0.0	0.0	0.0	0
0.9450083143897742	0.9407041938880998	0.6588660378483276	0.6551289494360623	0.568888888888889	0.590966627388907	7.0	0.0	4.0	0.0	1.0	-0.25164652508918905	0.19414141414141414	0.43434343434343436	0.6745454545454546	0.7725919128693575	0.0	0.0	0.0	7
1.0448862968084678	1.0367645284728637	0.8232465010968609	0.8164276593692836	0.7054545454545454	0.6852324994165865	9.0	0.0	5.0	0.0	1.0	-0.01399163263714177	0.31333333333333335	0.6363636363636364	0.9593939393939395	0.9657398910866968	0.0	0.0	0.0	5
0.683750117678692	0.6854202331140761	0.5481218943323514	0.5482551693434198	0.35858585858585856	-1.7246133768924428	4.0	0.0	2.0	0.0	1.0	-0.01701654425769382	1.2947474747474748	0.8383838383838383	0.38202020202020204	0.38629595643467873	0.0	0.0	0.0	6
1.0448862968084678	1.0367645284728637	0.840755007437308	0.8337911450707571	0.6842424242424243	-1.2641875380105871	11.0	0.0	5.0	0.0	3.0	0.030995447546994948	2.1717171717171717	1.5757575757575757	0.9797979797979799	0.9657398910866968	0.0	0.0	0.0	4
1.1322512091154782	1.119995944426637	1.3398764774585714	1.3255432841526171	0.8842424242424243	-2.924237439651853	23.0	0.0	6.0	0.0	4.0	1.1275111136871432	4.865656565656566	3.303030303030303	1.7404040404040406	1.158887869304036	0.0	0.0	0.0	2
0.9450083143897742	0.9407041938880998	0.7147088317120823	0.7106550029522065	0.5585858585858585	0.6073685606974303	8.0	0.0	4.0	0.0	2.0	-0.1049093128982505	0.23797979797979799	0.48484848484848486	0.7317171717171718	0.7725919128693575	0.0	0.0	0.0	4
0.9450083143897742	0.9407041938880998	0.8062673347254468	0.8016941861023511	0.648080808080808	-3.883778996145433	8.0	0.0	4.0	0.0	2.0	0.13567749436887105	3.9826262626262623	2.404040404040404	0.8254545454545454	0.7725919128693575	0.0	0.0	0.0	5
1.280192013892186	1.2591029260400894	1.0948539738865923	1.0784093607798961	0.8541414141414142	-0.4766264835631395	21.0	0.0	8.0	0.0	4.0	0.23861195313501127	2.3230303030303032	2.01010101010101	1.6971717171717173	1.545183825738715	0.0	0.0	0.0	8
0.8277465128678779	0.8267906928265433	0.9515167964362844	0.9488146746903582	0.6521212121212121	-2.000895470029356	6.0	0.0	3.0	0.0	2.0	0.7699582896742008	2.182020202020202	1.5050505050505052	0.828080808080808	0.579443934652018	0.0	0.0	0.0	7
0.8277465128678779	0.8267906928265433	0.7256505258989573	0.7235898202200683	0.5628282828282828	-0.044185695249827565	5.0	0.0	3.0	0.0	1.0	0.16124987627257675	0.6614141414141415	0.6464646464646465	0.6315151515151516	0.579443934652018	0.0	0.0	0.0	6
1.0448862968084678	1.0367645284728637	1.3062039136165187	1.2953847996099288	0.870909090909091	-0.306404776161888	15.0	0.0	5.0	0.0	4.0	1.2269391138282522	1.8111111111111111	1.6666666666666667	1.5222222222222224	0.9657398910866968	0.0	0.0	0.0	4
0.9450083143897742	0.9407041938880998	1.338451133490628	1.3308594381625667	0.7985858585858586	1.0601613256690823	13.0	0.0	4.0	0.0	3.0	1.5340883116090163	0.5084848484848485	0.9393939393939394	1.3703030303030304	0.7725919128693575	0.0	0.0	0.0	9
1.0448862968084678	1.0367645284728637	1.0408026937430097	1.032181862887593	0.7785858585858586	0.9016442643980597	13.0	0.0	5.0	0.0	3.0	0.5450062448984179	0.3628282828282829	0.787878787878788	1.212929292929293	0.9657398910866968	0.0	0.0	0.0	9
0.9450083143897742	0.9407041938880998	1.2591267407937043	1.251984973450588	0.7955555555555556	-3.066167472129662	10.0	0.0	4.0	0.0	3.0	1.3256488794508632	3.7816161616161614	2.5353535353535355	1.289090909090909	0.7725919128693575	0.0	0.0	0.0	2
0.8277465128678779	0.8267906928265433	0.5828881863506977	0.5812328978159281	0.4412121212121212	-1.2772054343159631	6.0	0.0	3.0	0.0	1.0	-0.2234938793718215	1.3715151515151516	0.9393939393939394	0.5072727272727272	0.579443934652018	0.0	0.0	0.0	7
0.8277465128678779	0.8267906928265433	0.7760235790403756	0.7738198237350251	0.5022222222222223	-1.3775189046128689	7.0	0.0	3.0	0.0	2.0	0.297004990052795	1.6074747474747475	1.1414141414141414	0.6753535353535354	0.579443934652018	0.0	0.0	0.0	7
1.2100396725572446	1.1934377579838085	0.959900754330741	0.9474825585600392	0.7802020202020203	0.34881743208383725	18.0	0.0	7.0	0.0	3.0	0.030270085291565264	0.9537373737373738	1.1616161616161618	1.3694949494949495	1.3520358475213754	0.0	0.0	0.0	5
1.2100396725572446	1.1934377579838085	1.2833132521757642	1.2667110824944146	0.8967676767676768	0.5806844131774676	24.0	0.0	7.0	0.0	4.0	0.8302565586211069	1.138787878787879	1.4848484848484846	1.830909090909091	1.3520358475213754	0.0	0.0	0.0	4
1.1322512091154782	1.119995944426637	1.432104771263903	1.4167849750989319	0.9167676767676768	0.4566876311699335	20.0	0.0	6.0	0.0	5.0	1.359789355174362	1.372121212121212	1.6161616161616164	1.8602020202020202	1.158887869304036	0.0	0.0	0.0	4
0.9450083143897742	0.9407041938880998	0.6336085197756754	0.6300146920153328	0.526060606060606	-2.753039654421494	8.0	0.0	4.0	0.0	2.0	-0.31801529950770524	2.8866666666666667	1.7676767676767677	0.6486868686868688	0.7725919128693575	0.0	0.0	0.0	4
0.8277465128678779	0.8267906928265433	1.073619220179999	1.0705703514132487	0.6894949494949496	-0.8508731855541133	6.0	0.0	3.0	0.0	2.0	1.0990236806806288	1.5101010101010102	1.2222222222222223	0.9343434343434343	0.579443934652018	0.0	0.0	0.0	1
0.9450083143897742	0.9407041938880998	1.1129093900762408	1.1065969676008958	0.7644444444444445	-1.0735810892851465	10.0	0.0	4.0	0.0	2.0	0.9414358962936711	2.012121212121212	1.5757575757575757	1.1393939393939394	0.7725919128693575	0.0	0.0	0.0	2
0.683750117678692	0.6854202331140761	0.8124725911229936	0.8126701426068775	0.5307070707070706	0.42218291165184635	4.0	0.0	2.0	0.0	1.0	0.7162270105290518	0.34282828282828287	0.45454545454545453	0.5662626262626262	0.38629595643467873	0.0	0.0	0.0	3
1.456812522224161	1.4218876372101144	1.3414358562538418	1.313966016938819	0.954949494949495	0.686017905774271	42.0	0.0	11.0	0.0	7.0	0.5251910213016476	1.407272727272727	1.97979797979798	2.5523232323232325	2.124627760390733	0.0	0.0	0.0	7
0.9450083143897742	0.9407041938880998	0.9700465534778013	0.9645444490648942	0.7072727272727273	-0.7872927988091076	10.0	0.0	4.0	0.0	2.0	0.5660375159889379	1.633131313131313	1.3131313131313131	0.9931313131313131	0.7725919128693575	0.0	0.0	0.0	6
1.1322512091154782	1.119995944426637	1.39679984260655	1.381857717350511	0.9032323232323233	-1.3492699963952766	24.0	0.0	6.0	0.0	4.0	1.27087340101315	3.2563636363636363	2.5353535353535355	1.8143434343434344	1.158887869304036	0.0	0.0	0.0	8
1.1322512091154782	1.119995944426637	0.7851069597458928	0.7767083573305177	0.7147474747474748	-0.8891798911520565	12.0	0.0	6.0	0.0	2.0	-0.269683637383535	1.9701010101010101	1.4949494949494948	1.0197979797979797	1.158887869304036	0.0	0.0	0.0	9
0.9450083143897742	0.9407041938880998	1.0657488680499605	1.0597039400731274	0.7464646464646464	0.7211880372929388	11.0	0.0	4.0	0.0	2.0	0.8175129503090977	0.5048484848484849	0.797979797979798	1.0911111111111111	0.7725919128693575	0.0	0.0	0.0	6
0.683750117678692	0.6854202331140761	0.3750765368937402	0.37516773618740623	0.23737373737373738	-2.676624391051308	4.0	0.0	2.0	0.0	1.0	-0.49700163439770173	1.677979797979798	0.9696969696969697	0.26141414141414143	0.38629595643467873	0.0	0.0	0.0	5
1.456812522224161	1.4218876372101144	1.2268712457664348	1.2017474533582437	0.8662626262626264	-0.918644302192434	28.0	0.0	11.0	0.0	7.0	0.2575215222375918	3.867676767676768	3.1010101010101008	2.334343434343434	2.124627760390733	0.1	1.0	0.18181818181818182	5
0.683750117678692	0.6854202331140761	1.0034891582118457	1.003733155085626	0.6018181818181818	0.7344303092388355	4.0	0.0	2.0	0.0	1.0	1.2460597984725446	0.3107070707070707	0.5050505050505051	0.6993939393939393	0.38629595643467873	0.0	0.0	0.0	8
0.9450083143897742	0.9407041938880998	1.4694745084925118	1.4611396485326014	0.8632323232323234	0.29672588439964526	11.0	0.0	4.0	0.0	3.0	1.8783763289050703	1.2632323232323233	1.3838383838383839	1.5044444444444447	0.7725919128693575	0.0	0.0	0.0	4
0.9450083143897742	0.9407041938880998	1.0416752961369637	1.0357669134689946	0.6892929292929293	-0.03528900802742838	9.0	0.0	4.0	0.0	2.0	0.7542552121914494	1.095151515151515	1.0808080808080809	1.0664646464646466	0.7725919128693575	0.0	0.0	0.0	8
0.9450083143897742	0.9407041938880998	0.5939463234272137	0.5905774596593434	0.46787878787878795	0.6511070495201584	9.0	0.0	4.0	0.0	2.0	-0.4222350155867818	0.07878787878787878	0.3434343434343434	0.6080808080808081	0.7725919128693575	0.0	0.0	0.0	9
0.9450083143897742	0.9407041938880998	1.1521769377048174	1.1456417896846864	0.7830303030303031	-3.2361511445998103	10.0	0.0	4.0	0.0	2.0	1.0446186002724585	3.81030303030303	2.4949494949494953	1.1795959595959598	0.7725919128693575	0.0	0.0	0.0	9
0.9450083143897742	0.9407041938880998	0.9607723085604993	0.9553228076682201	0.7246464646464648	0.8046887886817835	7.0	0.0	4.0	0.0	1.0	0.541667731632139	0.3294949494949495	0.6565656565656566	0.9836363636363636	0.7725919128693575	0.0	0.0	0.0	3
0.9450083143897742	0.9407041938880998	0.5270533654066737	0.5240639185216299	0.4149494949494949	0.6068715324153537	8.0	0.0	4.0	0.0	1.0	-0.5980085665858211	0.04626262626262627	0.29292929292929293	0.5395959595959596	0.7725919128693575	0.0	0.0	0.0	8
1.1322512091154782	1.119995944426637	1.294306679676173	1.280460964679986	0.892929292929293	-0.483151318406602	16.0	0.0	6.0	0.0	4.0	1.0127429437786182	2.1975757575757577	1.9393939393939394	1.6812121212121214	1.158887869304036	0.0	0.0	0.0	1
1.2100396725572446	1.1934377579838085	0.8558253664515415	0.844753589605676	0.7450505050505052	-2.7647764587714074	18.0	0.0	7.0	0.0	3.0	-0.22716864408549778	4.516363636363637	2.868686868686869	1.2210101010101013	1.3520358475213754	0.0	0.0	0.0	7
0.683750117678692	0.6854202331140761	0.27478559271658864	0.2748524064185944	0.18666666666666654	0.34202159931288817	3.0	0.0	2.0	0.0	0.0	-0.7751839479461821	0.010505050505050505	0.10101010101010102	0.19151515151515153	0.38629595643467873	0.0	0.0	0.0	12
0.9450083143897742	0.9407041938880998	0.4431905124310704	0.44067673567936383	0.41111111111111115	0.5198915830519738	5.0	0.0	4.0	0.0	0.0	-0.8183736378973012	0.03111111111111111	0.24242424242424243	0.4537373737373738	0.7725919128693575	0.0	0.0	0.0	6
