				0.0		1.0	0.0	0.0	0.0	4294967295.0		0.0	0.0	0.0	0.0		0.0		3
0.8277465128678779	0.8267906928265433	1.0239425686949137	1.0210347719100197	0.6519191919191919	0.9320793281754179	8.0	0.0	3.0	0.0	2.0	0.9651453657084325	0.2604040404040404	0.5757575757575757	0.8911111111111112	0.579443934652018	0.0	0.0	0.0	4
0.9450083143897742	0.9407041938880998	0.3701804992523099	0.36808083532256747	0.35111111111111104	0.4353967750989761	5.0	0.0	4.0	0.0	0.0	-1.0102208764508251	0.025050505050505052	0.20202020202020202	0.378989898989899	0.7725919128693575	0.0	0.0	0.0	9
				0.0		1.0	0.0	0.0	0.0	4294967295.0		0.0	0.0	0.0	0.0		0.0		3
0.8277465128678779	0.8267906928265433	0.37025354728369697	0.36920209956846095	0.2882828282828284	0.44484247244758884	5.0	0.0	3.0	0.0	1.0	-0.7965431154210382	0.021212121212121213	0.1717171717171717	0.32222222222222224	0.579443934652018	0.0	0.0	0.0	2
1.1322512091154782	1.119995944426637	1.055415180038754	1.0441249827347254	0.8096969696969697	0.37275993736221374	19.0	0.0	6.0	0.0	4.0	0.41109137729570183	0.9725252525252526	1.171717171717172	1.3709090909090909	1.158887869304036	0.0	0.0	0.0	3
				0.0		1.0	0.0	0.0	0.0	4294967295.0		0.0	0.0	0.0	0.0		0.0		2
0.8277465128678779	0.8267906928265433	0.5875308640595844	0.585862391227445	0.453939393939394	0.6454694130414008	5.0	0.0	3.0	0.0	1.0	-0.21098188731834472	0.07454545454545455	0.29292929292929293	0.5113131313131314	0.579443934652018	0.0	0.0	0.0	4
0.683750117678692	0.6854202331140761	0.7800084704644938	0.780198128346453	0.5121212121212123	0.41302161881310845	4.0	0.0	2.0	0.0	1.0	0.6261795564324342	0.3250505050505051	0.43434343434343436	0.5436363636363637	0.38629595643467873	0.0	0.0	0.0	2
0.48926949305991313	0.4923299360854566	0.4094708056489982	0.4109497135808742	0.19777777777777777	0.48549771992046337	2.0	0.0	1.0	0.0	4294967295.0	0.027483851256004894	0.024444444444444446	0.1111111111111111	0.19777777777777777	0.19314797821733937		0.0		3
0.9450083143897742	0.9407041938880998	0.5613878040366852	0.558203612202934	0.4919191919191919	-1.4935699876397528	6.0	0.0	4.0	0.0	1.0	-0.5077885138606508	1.788888888888889	1.1818181818181819	0.5747474747474747	0.7725919128693575	0.0	0.0	0.0	3
0.9450083143897742	0.9407041938880998	0.28355510523751026	0.2819467805749091	0.2739393939393939	-1.8454660113498842	5.0	0.0	4.0	0.0	0.0	-1.2378450324643304	1.7905050505050504	1.0404040404040404	0.2903030303030303	0.7725919128693575	0.0	0.0	0.0	5
0.8277465128678779	0.8267906928265433	0.5065161380395152	0.5050777311964776	0.4040404040404041	-4.0710550028827655	5.0	0.0	3.0	0.0	1.0	-0.4293161486515073	3.1955555555555555	1.8181818181818181	0.4408080808080808	0.579443934652018	0.0	0.0	0.0	2
1.0448862968084678	1.0367645284728637	0.7457583591742885	0.7395813414627622	0.6444444444444445	0.5151028544707549	10.0	0.0	5.0	0.0	2.0	-0.21309286869960808	0.3834343434343435	0.6262626262626262	0.8690909090909091	0.9657398910866968	0.0	0.0	0.0	5
0.683750117678692	0.6854202331140761	0.2730464433955975	0.2731128342260715	0.16949494949494945	0.33744095289351905	4.0	0.0	2.0	0.0	1.0	-0.7800079187013581	0.011717171717171716	0.10101010101010101	0.19030303030303028	0.38629595643467873	0.0	0.0	0.0	4
0.48926949305991313	0.4923299360854566	0.12171195550955921	0.12215154918491766	0.05878787878787882	0.15956918067315926	2.0	0.0	1.0	0.0	4294967295.0	-0.7976010493015054	0.0018181818181818182	0.030303030303030304	0.058787878787878785	0.19314797821733937		0.0		2
0.683750117678692	0.6854202331140761	0.6400069501247128	0.6401625668483716	0.4266666666666667	0.6168603844750304	3.0	0.0	2.0	0.0	0.0	0.2378499106407692	0.11959595959595959	0.2828282828282828	0.44606060606060605	0.38629595643467873	0.0	0.0	0.0	1
				0.0		1.0	0.0	0.0	0.0	4294967295.0		0.0	0.0	0.0	0.0		0.0		1
0.683750117678692	0.6854202331140761	1.073634847491819	1.0738959001840438	0.6266666666666668	-2.3636135523944235	4.0	0.0	2.0	0.0	1.0	1.4406266189313084	1.9991919191919192	1.3737373737373737	0.7482828282828283	0.38629595643467873	0.0	0.0	0.0	0
0.683750117678692	0.6854202331140761	0.8087044342608464	0.8089010695230784	0.5327272727272727	0.06870969629053601	3.0	0.0	2.0	0.0	0.0	0.7057750738928376	0.5272727272727273	0.5454545454545454	0.5636363636363637	0.38629595643467873	0.0	0.0	0.0	4
				0.0		1.0	0.0	0.0	0.0	4294967295.0		0.0	0.0	0.0	0.0		0.0		2
0.9450083143897742	0.9407041938880998	0.5008092255343083	0.4979686354204031	0.43717171717171727	-1.3230892868875277	7.0	0.0	4.0	0.0	1.0	-0.6669698712550609	1.5882828282828283	1.0505050505050504	0.5127272727272727	0.7725919128693575	0.0	0.0	0.0	4
0.48926949305991313	0.4923299360854566	0.8783336995535201	0.8815060250457976	0.4242424242424243	-1.5843748435632836	2.0	0.0	1.0	0.0	4294967295.0	1.3718445685888088	0.98989898989899	0.7070707070707071	0.42424242424242425	0.19314797821733937		0.0		3
0.48926949305991313	0.4923299360854566	0.16060959077550083	0.16118967315123156	0.07757575757575756	0.2082321222968887	2.0	0.0	1.0	0.0	4294967295.0	-0.6860706775691675	0.0032323232323232323	0.04040404040404041	0.07757575757575758	0.19314797821733937		0.0		4
0.683750117678692	0.6854202331140761	0.22203139664652627	0.22208538324540428	0.15171717171717172	-3.308753596924235	3.0	0.0	2.0	0.0	0.0	-0.9215110608531861	1.9058585858585857	1.0303030303030303	0.15474747474747474	0.38629595643467873	0.0	0.0	0.0	3
0.48926949305991313	0.4923299360854566	0.19867071775615333	0.1993882675698828	0.09595959595959605	0.2546316712869563	2.0	0.0	1.0	0.0	4294967295.0	-0.5769388084547294	0.005050505050505051	0.050505050505050504	0.09595959595959595	0.19314797821733937		0.0		4
				0.0		1.0	0.0	0.0	0.0	4294967295.0		0.0	0.0	0.0	0.0		0.0		5
1.1322512091154782	1.119995944426637	0.7931944323898681	0.784709315052623	0.7147474747474748	0.6048842796952766	14.0	0.0	6.0	0.0	3.0	-0.24931522497656117	0.38383838383838387	0.7070707070707071	1.0303030303030303	1.158887869304036	0.0	0.0	0.0	1
0.9450083143897742	0.9407041938880998	0.28434440267728067	0.2827316011193069	0.24141414141414153	0.34344654291483157	7.0	0.0	4.0	0.0	1.0	-1.2357710082637516	0.011919191919191918	0.15151515151515152	0.2911111111111111	0.7725919128693575	0.0	0.0	0.0	1
0.683750117678692	0.6854202331140761	0.8043565609583687	0.8045521390417715	0.5319191919191919	0.24811834771582325	4.0	0.0	2.0	0.0	1.0	0.6937151470048976	0.4292929292929293	0.4949494949494949	0.5606060606060607	0.38629595643467873	0.0	0.0	0.0	2
0.48926949305991313	0.4923299360854566	0.53327403187178	0.5352000866349486	0.25757575757575774	-3.366796542571978	2.0	0.0	1.0	0.0	4294967295.0	0.38246223870516627	1.4595959595959596	0.8585858585858586	0.25757575757575757	0.19314797821733937		0.0		1
				0.0		1.0	0.0	0.0	0.0	4294967295.0		0.0	0.0	0.0	0.0		0.0		4
				0.0		1.0	0.0	0.0	0.0	4294967295.0		0.0	0.0	0.0	0.0		0.0		4
				0.0		1.0	0.0	0.0	0.0	4294967295.0		0.0	0.0	0.0	0.0		0.0		2
0.48926949305991313	0.4923299360854566	0.12171195550955921	0.12215154918491766	0.05878787878787882	0.15956918067315926	2.0	0.0	1.0	0.0	4294967295.0	-0.7976010493015054	0.0018181818181818182	0.030303030303030304	0.058787878787878785	0.19314797821733937		0.0		3
				0.0		1.0	0.0	0.0	0.0	4294967295.0		0.0	0.0	0.0	0.0		0.0		5
				0.0		1.0	0.0	0.0	0.0	4294967295.0		0.0	0.0	0.0	0.0		0.0		3
0.683750117678692	0.6854202331140761	0.7347905881187259	0.7349692513408613	0.4858585858585859	-0.6985485789537782	4.0	0.0	2.0	0.0	1.0	0.5007563167978589	0.8818181818181818	0.6969696969696969	0.5121212121212121	0.38629595643467873	0.0	0.0	0.0	3
0.683750117678692	0.6854202331140761	0.8194291884069579	0.8196284313769686	0.5016161616161616	0.6695378182977744	4.0	0.0	2.0	0.0	1.0	0.7355228935497558	0.21676767676767678	0.393939393939394	0.5711111111111111	0.38629595643467873	0.0	0.0	0.0	2
0.8277465128678779	0.8267906928265433	0.7776485162384859	0.7754401464290559	0.5882828282828283	0.14927599746563378	6.0	0.0	3.0	0.0	1.0	0.3013841872715118	0.5757575757575758	0.6262626262626263	0.6767676767676768	0.579443934652018	0.0	0.0	0.0	5
0.8277465128678779	0.8267906928265433	0.9868011470238218	0.9839988246178856	0.6634343434343435	-0.17853409296889786	6.0	0.0	3.0	0.0	2.0	0.8650494292806213	0.9795959595959596	0.9191919191919191	0.8587878787878788	0.579443934652018	0.0	0.0	0.0	3
				0.0		1.0	0.0	0.0	0.0	4294967295.0		0.0	0.0	0.0	0.0		0.0		1
0.9450083143897742	0.9407041938880998	1.097715414360661	1.091489172121238	0.755959595959596	-0.19234994516358864	12.0	0.0	4.0	0.0	3.0	0.9015109304325324	1.2802020202020203	1.202020202020202	1.1238383838383839	0.7725919128693575	0.0	0.0	0.0	2
0.683750117678692	0.6854202331140761	0.2976843921096377	0.29775677362014386	0.20262626262626263	0.3641613903398385	3.0	0.0	2.0	0.0	0.0	-0.7116683330030319	0.014747474747474747	0.11111111111111112	0.20747474747474748	0.38629595643467873	0.0	0.0	0.0	1
0.683750117678692	0.6854202331140761	0.19565429861149505	0.19570187165880923	0.13393939393939377	0.24811834771582283	3.0	0.0	2.0	0.0	0.0	-0.9946746173066883	0.00505050505050505	0.07070707070707072	0.13636363636363635	0.38629595643467873	0.0	0.0	0.0	8
0.8277465128678779	0.8267906928265433	0.5801025797253659	0.5784552017690182	0.4595959595959597	-3.7324970406307076	5.0	0.0	3.0	0.0	1.0	-0.23100107460390704	3.0305050505050506	1.7676767676767677	0.5048484848484849	0.579443934652018	0.0	0.0	0.0	7
0.683750117678692	0.6854202331140761	0.45072953235685165	0.4508391265621458	0.28585858585858603	-2.6682265392824642	4.0	0.0	2.0	0.0	1.0	-0.2871589065475475	1.7262626262626262	1.02020202020202	0.31414141414141417	0.38629595643467873	0.0	0.0	0.0	6
0.683750117678692	0.6854202331140761	0.8530527419461185	0.8532601604324083	0.5375757575757576	0.5290646614371237	4.0	0.0	2.0	0.0	1.0	0.828786328149824	0.3145454545454545	0.45454545454545453	0.5945454545454545	0.38629595643467873	0.0	0.0	0.0	2
0.48926949305991313	0.4923299360854566	1.00380994234688	1.0074354571951973	0.48484848484848486	-0.6790177900985502	2.0	0.0	1.0	0.0	4294967295.0	1.7316199612737697	0.7272727272727273	0.6060606060606061	0.48484848484848486	0.19314797821733937		0.0		3
0.683750117678692	0.6854202331140761	0.275365309156919	0.2754322638161019	0.18686868686868693	0.34354848145267786	3.0	0.0	2.0	0.0	0.0	-0.7735759576944569	0.010101010101010102	0.10101010101010101	0.1919191919191919	0.38629595643467873	0.0	0.0	0.0	2
				0.0		1.0	0.0	0.0	0.0	4294967295.0		0.0	0.0	0.0	0.0		0.0		4
0.683750117678692	0.6854202331140761	0.8565310405881006	0.8567393048174538	0.5145454545454545	-3.966076358103692	4.0	0.0	2.0	0.0	1.0	0.838434269660176	2.6959595959595957	1.6464646464646464	0.5969696969696969	0.38629595643467873	0.0	0.0	0.0	4
0.683750117678692	0.6854202331140761	0.30116269075161983	0.30123591800518934	0.20383838383838382	-2.9858180243587182	3.0	0.0	2.0	0.0	0.0	-0.70202039149268	1.79010101010101	1.0	0.2098989898989899	0.38629595643467873	0.0	0.0	0.0	2
0.8277465128678779	0.8267906928265433	0.603780236040687	0.6020656181677535	0.44707070707070723	0.6275562933455243	7.0	0.0	3.0	0.0	2.0	-0.1671899151311779	0.10080808080808082	0.31313131313131315	0.5254545454545454	0.579443934652018	0.0	0.0	0.0	6
0.683750117678692	0.6854202331140761	0.16869748413613353	0.16873850267470664	0.1157575757575758	0.21529038171034476	3.0	0.0	2.0	0.0	0.0	-1.0694461640119157	0.0036363636363636364	0.06060606060606061	0.11757575757575757	0.38629595643467873	0.0	0.0	0.0	3
0.683750117678692	0.6854202331140761	0.3521777375006911	0.35226336898585664	0.2369696969696969	0.4313442044905843	3.0	0.0	2.0	0.0	0.0	-0.560517249340852	0.01717171717171717	0.13131313131313133	0.24545454545454543	0.38629595643467873	0.0	0.0	0.0	2
0.48926949305991313	0.4923299360854566	0.4094708056489982	0.4109497135808742	0.19777777777777777	0.48549771992046337	2.0	0.0	1.0	0.0	4294967295.0	0.027483851256004894	0.024444444444444446	0.1111111111111111	0.19777777777777777	0.19314797821733937		0.0		1
0.48926949305991313	0.4923299360854566	0.19867071775615333	0.1993882675698828	0.09595959595959605	0.2546316712869563	2.0	0.0	1.0	0.0	4294967295.0	-0.5769388084547294	0.005050505050505051	0.050505050505050504	0.09595959595959595	0.19314797821733937		0.0		2
1.0448862968084678	1.0367645284728637	0.7762682316091268	0.76983850466533	0.647070707070707	-0.09513546896215283	12.0	0.0	5.0	0.0	2.0	-0.13469954085398378	0.9943434343434343	0.9494949494949496	0.9046464646464647	0.9657398910866968	0.0	0.0	0.0	5
0.48926949305991313	0.4923299360854566	0.8432003515713793	0.8462457840439657	0.4072727272727273	-1.7926069658601724	2.0	0.0	1.0	0.0	4294967295.0	1.2711074586370197	1.0472727272727274	0.7272727272727273	0.4072727272727273	0.19314797821733937		0.0		6
0.683750117678692	0.6854202331140761	0.9130533935203103	0.9132754010744432	0.5703030303030303	0.26720437446319395	4.0	0.0	2.0	0.0	1.0	0.9952133192033947	0.494949494949495	0.5656565656565656	0.6363636363636364	0.38629595643467873	0.0	0.0	0.0	2
0.8277465128678779	0.8267906928265433	0.8094508585443582	0.8071521762979457	0.5616161616161617	-0.45559034426511436	7.0	0.0	3.0	0.0	2.0	0.38709133283782465	1.0127272727272727	0.8585858585858586	0.7044444444444444	0.579443934652018	0.0	0.0	0.0	4
0.8277465128678779	0.8267906928265433	0.6086550476350178	0.6069265862498461	0.45434343434343444	0.6699506766257645	5.0	0.0	3.0	0.0	1.0	-0.15405232347502765	0.07636363636363636	0.30303030303030304	0.5296969696969697	0.579443934652018	0.0	0.0	0.0	2
0.683750117678692	0.6854202331140761	0.4020333513691018	0.40213110517150885	0.25434343434343437	0.486311961523013	4.0	0.0	2.0	0.0	1.0	-0.42223008769247433	0.02282828282828283	0.15151515151515152	0.28020202020202023	0.38629595643467873	0.0	0.0	0.0	4
0.8277465128678779	0.8267906928265433	1.2214885052080335	1.2180197165700573	0.7602020202020203	0.39528284128899827	7.0	0.0	3.0	0.0	2.0	1.497530627583851	0.7955555555555556	0.9292929292929293	1.063030303030303	0.579443934652018	0.0	0.0	0.0	6
0.48926949305991313	0.4923299360854566	0.53327403187178	0.5352000866349486	0.25757575757575774	-3.366796542571978	2.0	0.0	1.0	0.0	4294967295.0	0.38246223870516627	1.4595959595959596	0.8585858585858586	0.25757575757575757	0.19314797821733937		0.0		2
0.9450083143897742	0.9407041938880998	0.7168793996714508	0.7128132594493004	0.5973737373737373	0.6376872859040938	7.0	0.0	4.0	0.0	1.0	-0.0992057463466595	0.21555555555555556	0.47474747474747475	0.7339393939393939	0.7725919128693575	0.0	0.0	0.0	3
0.9450083143897742	0.9407041938880998	0.625912869737914	0.6223626917074541	0.5309090909090909	0.6322199748012527	6.0	0.0	4.0	0.0	2.0	-0.3382370354633474	0.12686868686868685	0.38383838383838387	0.6408080808080807	0.7725919128693575	0.0	0.0	0.0	3
0.48926949305991313	0.4923299360854566	0.19867071775615333	0.1993882675698828	0.09595959595959605	0.2546316712869563	2.0	0.0	1.0	0.0	4294967295.0	-0.5769388084547294	0.005050505050505051	0.050505050505050504	0.09595959595959595	0.19314797821733937		0.0		2
0.48926949305991313	0.4923299360854566	0.12171195550955921	0.12215154918491766	0.05878787878787882	0.15956918067315926	2.0	0.0	1.0	0.0	4294967295.0	-0.7976010493015054	0.0018181818181818182	0.030303030303030304	0.058787878787878785	0.19314797821733937		0.0		1
0.48926949305991313	0.4923299360854566	0.3078350489863766	0.3089468735398605	0.1486868686868687	0.3802499624551881	2.0	0.0	1.0	0.0	4294967295.0	-0.2639342168188133	0.01292929292929293	0.08080808080808081	0.1486868686868687	0.19314797821733937		0.0		2
0.48926949305991313	0.4923299360854566	0.12171195550955921	0.12215154918491766	0.05878787878787882	0.15956918067315926	2.0	0.0	1.0	0.0	4294967295.0	-0.7976010493015054	0.0018181818181818182	0.030303030303030304	0.058787878787878785	0.19314797821733937		0.0		3
0.9450083143897742	0.9407041938880998	0.8269863925194194	0.8222957253927933	0.6597979797979798	0.16948664418807174	8.0	0.0	4.0	0.0	1.0	0.19012062963406032	0.7088888888888889	0.7777777777777778	0.8466666666666667	0.7725919128693575	0.0	0.0	0.0	2
0.683750117678692	0.6854202331140761	0.7947912396929178	0.7949844919828963	0.5230303030303031	0.3374409528935192	4.0	0.0	2.0	0.0	1.0	0.6671833078514297	0.3753535353535354	0.46464646464646464	0.553939393939394	0.38629595643467873	0.0	0.0	0.0	2
0.48926949305991313	0.4923299360854566	0.7842265174585	0.7870589509337479	0.3787878787878788	0.7073101980193229	2.0	0.0	1.0	0.0	4294967295.0	1.102013024075088	0.12626262626262627	0.25252525252525254	0.3787878787878788	0.19314797821733937		0.0		3
1.1322512091154782	1.119995944426637	1.1764162130582279	1.163831619423145	0.7107070707070707	-2.357536480112341	13.0	0.0	6.0	0.0	2.0	0.7158341629231164	4.0476767676767675	2.787878787878788	1.5280808080808082	1.158887869304036	0.0	0.0	0.0	3
0.683750117678692	0.6854202331140761	0.43333803914694097	0.4334434046369183	0.27979797979797993	0.4924194900821716	4.0	0.0	2.0	0.0	1.0	-0.33539861409930716	0.04141414141414141	0.1717171717171717	0.302020202020202	0.38629595643467873	0.0	0.0	0.0	5
0.48926949305991313	0.4923299360854566	0.6436931255299368	0.6460179869264202	0.3109090909090908	-2.841689451562433	2.0	0.0	1.0	0.0	4294967295.0	0.6990645842679319	1.3254545454545454	0.8181818181818182	0.3109090909090909	0.19314797821733937		0.0		3
0.683750117678692	0.6854202331140761	0.8333423829748865	0.8335450089171507	0.5420202020202021	0.019086026747371115	4.0	0.0	2.0	0.0	1.0	0.7741146595911637	0.5707070707070707	0.5757575757575758	0.5808080808080809	0.38629595643467873	0.0	0.0	0.0	3
0.683750117678692	0.6854202331140761	0.7791388958039981	0.7793283422501914	0.5094949494949494	-4.055398963281389	4.0	0.0	2.0	0.0	1.0	0.6237675710548457	2.6892929292929293	1.6161616161616164	0.543030303030303	0.38629595643467873	0.0	0.0	0.0	3
1.0448862968084678	1.0367645284728637	0.46128846902900544	0.4574676777388216	0.44181818181818183	0.5189596978070582	8.0	0.0	5.0	0.0	1.0	-0.9440215675329575	0.04828282828282828	0.29292929292929293	0.5375757575757576	0.9657398910866968	0.0	0.0	0.0	2
0.8277465128678779	0.8267906928265433	0.3693250117419197	0.3682762008861576	0.2737373737373738	-2.184803498907016	5.0	0.0	3.0	0.0	1.0	-0.7990455138317335	1.7997979797979797	1.0606060606060606	0.32141414141414143	0.579443934652018	0.0	0.0	0.0	0
0.8277465128678779	0.8267906928265433	0.5612997350043756	0.5597057534523752	0.43797979797979797	-1.3028809058800521	5.0	0.0	3.0	0.0	1.0	-0.28167464242048657	1.3701010101010103	0.9292929292929293	0.4884848484848484	0.579443934652018	0.0	0.0	0.0	3
0.48926949305991313	0.4923299360854566	0.3078350489863766	0.3089468735398605	0.1486868686868687	0.3802499624551881	2.0	0.0	1.0	0.0	4294967295.0	-0.2639342168188133	0.01292929292929293	0.08080808080808081	0.1486868686868687	0.19314797821733937		0.0		4
				0.0		1.0	0.0	0.0	0.0	4294967295.0		0.0	0.0	0.0	0.0		0.0		3
0.8277465128678779	0.8267906928265433	0.386735053150244	0.3856368011793454	0.31737373737373753	-2.3490070961192138	4.0	0.0	3.0	0.0	0.0	-0.7521255436311972	1.926060606060606	1.1313131313131313	0.33656565656565657	0.579443934652018	0.0	0.0	0.0	0
0.8277465128678779	0.8267906928265433	0.5775491069854785	0.5759089803926839	0.4016161616161616	-1.7387668184797023	4.0	0.0	3.0	0.0	0.0	-0.23788267023331908	1.6791919191919193	1.0909090909090908	0.5026262626262626	0.579443934652018	0.0	0.0	0.0	5
0.683750117678692	0.6854202331140761	0.7043554750013823	0.7045267379717133	0.4575757575757576	0.557311981023233	4.0	0.0	2.0	0.0	1.0	0.4163368285822797	0.19595959595959597	0.3434343434343434	0.4909090909090909	0.38629595643467873	0.0	0.0	0.0	1
0.9450083143897742	0.9407041938880998	1.3992270363529473	1.3912906200811972	0.8337373737373738	0.2688923006033635	12.0	0.0	4.0	0.0	3.0	1.693788175053571	1.213939393939394	1.323232323232323	1.4325252525252525	0.7725919128693575	0.0	0.0	0.0	4
0.9450083143897742	0.9407041938880998	0.7263509689486954	0.722231105982074	0.592929292929293	-0.879243030993252	7.0	0.0	4.0	0.0	2.0	-0.07431745593971571	1.4583838383838383	1.101010101010101	0.7436363636363637	0.7725919128693575	0.0	0.0	0.0	3
0.48926949305991313	0.4923299360854566	1.0251409036217514	1.0288434606605952	0.4951515151515153	-0.45154683041553595	2.0	0.0	1.0	0.0	4294967295.0	1.792781778030213	0.6563636363636364	0.5757575757575758	0.4951515151515152	0.19314797821733937		0.0		1
0.9450083143897742	0.9407041938880998	0.6178225709802677	0.6143182811273766	0.5363636363636363	-1.0532029297200118	6.0	0.0	4.0	0.0	1.0	-0.35949578351927824	1.4886868686868686	1.0606060606060606	0.6325252525252525	0.7725919128693575	0.0	0.0	0.0	0
0.8277465128678779	0.8267906928265433	0.8503064223825592	0.8478917183192931	0.6159595959595959	-0.051948047118040575	6.0	0.0	3.0	0.0	1.0	0.4971968629084166	0.7751515151515151	0.7575757575757576	0.74	0.579443934652018	0.0	0.0	0.0	4
1.0448862968084678	1.0367645284728637	0.7197556269855058	0.7137939864605739	0.5898989898989899	-2.677506351691577	12.0	0.0	5.0	0.0	3.0	-0.2799053640225833	3.363232323232323	2.101010101010101	0.8387878787878789	0.9657398910866968	0.0	0.0	0.0	3
0.683750117678692	0.6854202331140761	0.22203139664652627	0.22208538324540428	0.15171717171717172	0.27941943158151133	3.0	0.0	2.0	0.0	0.0	-0.9215110608531861	0.0068686868686868695	0.0808080808080808	0.15474747474747474	0.38629595643467873	0.0	0.0	0.0	4
0.683750117678692	0.6854202331140761	1.0003007177900287	1.0005439393993343	0.596161616161616	0.8405486179542181	4.0	0.0	2.0	0.0	1.0	1.2372158520880552	0.25232323232323234	0.4747474747474748	0.6971717171717171	0.38629595643467873	0.0	0.0	0.0	4
0.683750117678692	0.6854202331140761	0.5008750044454274	0.5009967914465517	0.33616161616161605	0.5557850988834433	3.0	0.0	2.0	0.0	0.0	-0.14806774977330733	0.05494949494949495	0.20202020202020204	0.3490909090909091	0.38629595643467873	0.0	0.0	0.0	4
0.9450083143897742	0.9407041938880998	0.9420264943659528	0.9366833197387724	0.6785858585858586	0.8320253441959885	11.0	0.0	4.0	0.0	3.0	0.4924096568683964	0.2880808080808081	0.6262626262626263	0.9644444444444444	0.7725919128693575	0.0	0.0	0.0	4
0.683750117678692	0.6854202331140761	0.30116269075161983	0.30123591800518934	0.20383838383838382	-2.9858180243587182	3.0	0.0	2.0	0.0	0.0	-0.70202039149268	1.79010101010101	1.0	0.2098989898989899	0.38629595643467873	0.0	0.0	0.0	0
0.48926949305991313	0.4923299360854566	0.34255014282587287	0.3437873497678611	0.1654545454545454	-4.222358958096152	2.0	0.0	1.0	0.0	4294967295.0	-0.16439635817597417	1.672929292929293	0.9191919191919192	0.16545454545454547	0.19314797821733937		0.0		2
0.48926949305991313	0.4923299360854566	0.2358953364515168	0.23674733244087134	0.11393939393939395	0.29876782764336207	2.0	0.0	1.0	0.0	4294967295.0	-0.470205441958191	0.007272727272727273	0.06060606060606061	0.11393939393939394	0.19314797821733937		0.0		1
0.683750117678692	0.6854202331140761	0.2730464433955975	0.2731128342260715	0.18606060606060598	-2.9453556476542917	3.0	0.0	2.0	0.0	0.0	-0.7800079187013581	1.749090909090909	0.9696969696969697	0.19030303030303028	0.38629595643467873	0.0	0.0	0.0	2
				0.0		1.0	0.0	0.0	0.0	4294967295.0		0.0	0.0	0.0	0.0		0.0		2
0.683750117678692	0.6854202331140761	0.32174262438334744	0.32182085561670853	0.2187878787878788	0.38935494564636824	3.0	0.0	2.0	0.0	0.0	-0.6449367375564312	0.018181818181818184	0.12121212121212122	0.22424242424242424	0.38629595643467873	0.0	0.0	0.0	2
0.8277465128678779	0.8267906928265433	0.22424133333921706	0.22360453177625908	0.18848484848484837	0.27825045927594133	4.0	0.0	3.0	0.0	0.0	-1.1900452655028697	0.006868686868686868	0.10101010101010102	0.19515151515151513	0.579443934652018	0.0	0.0	0.0	1
0.48926949305991313	0.4923299360854566	0.7177241087780193	0.7203163518945661	0.3466666666666666	0.697124931167845	2.0	0.0	1.0	0.0	4294967295.0	0.9113320659520588	0.09777777777777778	0.2222222222222222	0.3466666666666667	0.19314797821733937		0.0		1
1.1322512091154782	1.119995944426637	1.2252521055622316	1.212145094898934	0.8652525252525254	0.8612039932161503	16.0	0.0	6.0	0.0	4.0	0.83882803784215	0.6711111111111111	1.1313131313131313	1.5915151515151515	1.158887869304036	0.0	0.0	0.0	3
0.683750117678692	0.6854202331140761	0.5304405429022755	0.5305695187194384	0.3581818181818181	-5.397528364156517	3.0	0.0	2.0	0.0	0.0	-0.06606024693531616	3.226262626262626	1.797979797979798	0.3696969696969697	0.38629595643467873	0.0	0.0	0.0	3
0.683750117678692	0.6854202331140761	0.47246889886924	0.47258377896868015	0.3004040404040404	-2.420108191566642	4.0	0.0	2.0	0.0	1.0	-0.22685927210784806	1.61010101010101	0.9696969696969697	0.3292929292929293	0.38629595643467873	0.0	0.0	0.0	2
				0.0		1.0	0.0	0.0	0.0	4294967295.0		0.0	0.0	0.0	0.0		0.0		1
0.9450083143897742	0.9407041938880998	0.5071236050524714	0.5042471997755855	0.4141414141414144	0.5815230900294545	8.0	0.0	4.0	0.0	2.0	-0.6503776776504318	0.046464646464646465	0.2828282828282828	0.5191919191919192	0.7725919128693575	0.0	0.0	0.0	2
0.683750117678692	0.6854202331140761	0.42145385212016867	0.42155632798801285	0.26848484848484855	0.49929045971122527	4.0	0.0	2.0	0.0	1.0	-0.3683624142596762	0.029494949494949498	0.1616161616161616	0.29373737373737374	0.38629595643467873	0.0	0.0	0.0	5
				0.0		1.0	0.0	0.0	0.0	4294967295.0		0.0	0.0	0.0	0.0		0.0		1
0.9450083143897742	0.9407041938880998	0.5116620653311511	0.5087599179058727	0.4234343434343435	-1.1714956608542089	7.0	0.0	4.0	0.0	1.0	-0.6384520384971049	1.4761616161616162	1.0	0.5238383838383838	0.7725919128693575	0.0	0.0	0.0	2
0.683750117678692	0.6854202331140761	0.19565429861149505	0.19570187165880923	0.13393939393939377	0.24811834771582283	3.0	0.0	2.0	0.0	0.0	-0.9946746173066883	0.00505050505050505	0.07070707070707072	0.13636363636363635	0.38629595643467873	0.0	0.0	0.0	5
0.9450083143897742	0.9407041938880998	0.5203443371686254	0.5173929438942486	0.4505050505050507	-1.7460603549345926	7.0	0.0	4.0	0.0	2.0	-0.6156377722907397	1.9521212121212121	1.2424242424242424	0.5327272727272727	0.7725919128693575	0.0	0.0	0.0	5
0.48926949305991313	0.4923299360854566	1.0305782074761303	1.0343004027204026	0.4977777777777777	-0.38024996245518805	2.0	0.0	1.0	0.0	4294967295.0	1.8083720450465612	0.6335353535353535	0.5656565656565656	0.49777777777777776	0.19314797821733937		0.0		1
0.683750117678692	0.6854202331140761	0.3721779546920884	0.3722684491998683	0.23636363636363636	0.44584958481858644	4.0	0.0	2.0	0.0	1.0	-0.5050415856563284	0.023434343434343436	0.1414141414141414	0.2593939393939394	0.38629595643467873	0.0	0.0	0.0	3
0.683750117678692	0.6854202331140761	0.5976876499805968	0.597832976830318	0.3816161616161617	0.5817420952598676	4.0	0.0	2.0	0.0	1.0	0.12046662226482079	0.10868686868686868	0.26262626262626265	0.41656565656565653	0.38629595643467873	0.0	0.0	0.0	5
				0.0		1.0	0.0	0.0	0.0	4294967295.0		0.0	0.0	0.0	0.0		0.0		7
0.683750117678692	0.6854202331140761	0.2730464433955975	0.2731128342260715	0.18606060606060598	0.33744095289351905	3.0	0.0	2.0	0.0	0.0	-0.7800079187013581	0.011717171717171716	0.10101010101010101	0.19030303030303028	0.38629595643467873	0.0	0.0	0.0	3
0.48926949305991313	0.4923299360854566	0.19867071775615333	0.1993882675698828	0.09595959595959605	0.2546316712869563	2.0	0.0	1.0	0.0	4294967295.0	-0.5769388084547294	0.005050505050505051	0.050505050505050504	0.09595959595959595	0.19314797821733937		0.0		5
				0.0		1.0	0.0	0.0	0.0	4294967295.0		0.0	0.0	0.0	0.0		0.0		8
0.48926949305991313	0.4923299360854566	0.9385622960943328	0.9419521524775094	0.45333333333333337	0.6156427963560187	2.0	0.0	1.0	0.0	4294967295.0	1.5445367570775899	0.23353535353535354	0.3434343434343434	0.4533333333333333	0.19314797821733937		0.0		4
0.683750117678692	0.6854202331140761	1.0307358309073726	1.0309864527684827	0.6113131313131314	-2.5529469377283442	4.0	0.0	2.0	0.0	1.0	1.321635340303635	2.0694949494949495	1.393939393939394	0.7183838383838385	0.38629595643467873	0.0	0.0	0.0	1
				0.0		1.0	0.0	0.0	0.0	4294967295.0		0.0	0.0	0.0	0.0		0.0		2
0.48926949305991313	0.4923299360854566	1.0305782074761303	1.0343004027204026	0.4977777777777777	-0.38024996245518805	2.0	0.0	1.0	0.0	4294967295.0	1.8083720450465612	0.6335353535353535	0.5656565656565656	0.49777777777777776	0.19314797821733937		0.0		3
0.48926949305991313	0.4923299360854566	0.16060959077550083	0.16118967315123156	0.07757575757575756	0.2082321222968887	2.0	0.0	1.0	0.0	4294967295.0	-0.6860706775691675	0.0032323232323232323	0.04040404040404041	0.07757575757575758	0.19314797821733937		0.0		6
0.683750117678692	0.6854202331140761	0.5829048807521727	0.5830466131938747	0.3456565656565656	-2.014720983452482	4.0	0.0	2.0	0.0	1.0	0.07946287084582532	1.4725252525252526	0.9393939393939393	0.40626262626262627	0.38629595643467873	0.0	0.0	0.0	3
				0.0		1.0	0.0	0.0	0.0	4294967295.0		0.0	0.0	0.0	0.0		0.0		3
0.48926949305991313	0.4923299360854566	0.19867071775615333	0.1993882675698828	0.09595959595959605	0.2546316712869563	2.0	0.0	1.0	0.0	4294967295.0	-0.5769388084547294	0.005050505050505051	0.050505050505050504	0.09595959595959595	0.19314797821733937		0.0		4
0.683750117678692	0.6854202331140761	0.19565429861149505	0.19570187165880923	0.13393939393939377	0.24811834771582283	3.0	0.0	2.0	0.0	0.0	-0.9946746173066883	0.00505050505050505	0.07070707070707072	0.13636363636363635	0.38629595643467873	0.0	0.0	0.0	2
0.683750117678692	0.6854202331140761	0.22203139664652627	0.22208538324540428	0.15171717171717172	0.27941943158151133	3.0	0.0	2.0	0.0	0.0	-0.9215110608531861	0.0068686868686868695	0.0808080808080808	0.15474747474747474	0.38629595643467873	0.0	0.0	0.0	2
0.48926949305991313	0.4923299360854566	0.53327403187178	0.5352000866349486	0.25757575757575774	0.5941405663362314	2.0	0.0	1.0	0.0	4294967295.0	0.38246223870516627	0.045454545454545456	0.15151515151515152	0.25757575757575757	0.19314797821733937		0.0		5
0.8277465128678779	0.8267906928265433	0.6977944596456381	0.6958128597509677	0.5450505050505051	-0.29496937099209264	6.0	0.0	3.0	0.0	1.0	0.08617792395171815	0.8068686868686868	0.7070707070707071	0.6072727272727272	0.579443934652018	0.0	0.0	0.0	3
0.48926949305991313	0.4923299360854566	0.19867071775615333	0.1993882675698828	0.09595959595959605	0.2546316712869563	2.0	0.0	1.0	0.0	4294967295.0	-0.5769388084547294	0.005050505050505051	0.050505050505050504	0.09595959595959595	0.19314797821733937		0.0		5
0.683750117678692	0.6854202331140761	0.49130968317997653	0.49142914438767654	0.3266666666666665	0.5687635970716555	3.0	0.0	2.0	0.0	0.0	-0.17459958892677527	0.04141414141414141	0.19191919191919193	0.3424242424242424	0.38629595643467873	0.0	0.0	0.0	2
0.8277465128678779	0.8267906928265433	0.3252195735074981	0.32429601347674847	0.2703030303030304	0.3887146974005104	4.0	0.0	3.0	0.0	0.0	-0.9179094383397589	0.02	0.15151515151515152	0.283030303030303	0.579443934652018	0.0	0.0	0.0	2
1.0448862968084678	1.0367645284728637	0.8048712370167879	0.7982045951677372	0.6856565656565656	-2.145690509430173	9.0	0.0	5.0	0.0	1.0	-0.06120579599871077	2.961010101010101	1.9494949494949494	0.9379797979797981	0.9657398910866968	0.0	0.0	0.0	0
0.48926949305991313	0.4923299360854566	0.5621335677142529	0.5641638560293105	0.2715151515151517	-3.2321246808690987	2.0	0.0	1.0	0.0	4294967295.0	0.46521057902270746	1.4254545454545455	0.8484848484848485	0.27151515151515154	0.19314797821733937		0.0		5
0.8277465128678779	0.8267906928265433	0.4656605742013142	0.4643381891751302	0.37595959595959594	0.540976214815457	4.0	0.0	3.0	0.0	0.0	-0.5394216787220992	0.039191919191919194	0.2222222222222222	0.40525252525252525	0.579443934652018	0.0	0.0	0.0	2
0.683750117678692	0.6854202331140761	0.6768189440856903	0.6769835115901031	0.4349494949494951	0.6756453468569331	4.0	0.0	2.0	0.0	1.0	0.339957291625327	0.11414141414141414	0.29292929292929293	0.4717171717171717	0.38629595643467873	0.0	0.0	0.0	6
0.8277465128678779	0.8267906928265433	0.3486650959373748	0.34767495520490804	0.28747474747474766	0.41916700088349973	4.0	0.0	3.0	0.0	0.0	-0.8547238784697033	0.019797979797979797	0.16161616161616163	0.30343434343434345	0.579443934652018	0.0	0.0	0.0	3
				0.0		1.0	0.0	0.0	0.0	4294967295.0		0.0	0.0	0.0	0.0		0.0		4
0.48926949305991313	0.4923299360854566	0.12171195550955921	0.12215154918491766	0.05878787878787882	0.15956918067315926	2.0	0.0	1.0	0.0	4294967295.0	-0.7976010493015054	0.0018181818181818182	0.030303030303030304	0.058787878787878785	0.19314797821733937		0.0		4
0.8277465128678779	0.8267906928265433	0.8595917778003322	0.8571507051423266	0.6050505050505051	0.6287505013252497	6.0	0.0	3.0	0.0	2.0	0.5222208470153694	0.3226262626262626	0.5353535353535354	0.7480808080808081	0.579443934652018	0.0	0.0	0.0	4
0.48926949305991313	0.4923299360854566	0.16060959077550083	0.16118967315123156	0.07757575757575756	0.2082321222968887	2.0	0.0	1.0	0.0	4294967295.0	-0.6860706775691675	0.0032323232323232323	0.04040404040404041	0.07757575757575758	0.19314797821733937		0.0		7
0.683750117678692	0.6854202331140761	0.22203139664652627	0.22208538324540428	0.13434343434343424	0.27941943158151133	4.0	0.0	2.0	0.0	1.0	-0.9215110608531861	0.0068686868686868695	0.0808080808080808	0.15474747474747474	0.38629595643467873	0.0	0.0	0.0	2
				0.0		1.0	0.0	0.0	0.0	4294967295.0		0.0	0.0	0.0	0.0		0.0		2
0.683750117678692	0.6854202331140761	0.3721779546920884	0.3722684491998683	0.2513131313131314	-2.6079146947607725	3.0	0.0	2.0	0.0	0.0	-0.5050415856563284	1.6395959595959597	0.9494949494949495	0.2593939393939394	0.38629595643467873	0.0	0.0	0.0	4
0.48926949305991313	0.4923299360854566	0.12171195550955921	0.12215154918491766	0.05878787878787882	0.15956918067315926	2.0	0.0	1.0	0.0	4294967295.0	-0.7976010493015054	0.0018181818181818182	0.030303030303030304	0.058787878787878785	0.19314797821733937		0.0		6
0.8277465128678779	0.8267906928265433	0.4125019144345639	0.41133048961326335	0.3349494949494949	0.4938049996163165	4.0	0.0	3.0	0.0	0.0	-0.6826839877344035	0.02484848484848485	0.19191919191919193	0.35898989898989897	0.579443934652018	0.0	0.0	0.0	5
0.683750117678692	0.6854202331140761	0.8727631009173507	0.8729753119476662	0.5444444444444445	-0.4878388436628024	4.0	0.0	2.0	0.0	1.0	0.8834579967084852	0.8664646464646464	0.7373737373737373	0.6082828282828283	0.38629595643467873	0.0	0.0	0.0	5
0.9450083143897742	0.9407041938880998	0.383795880088349	0.38161898971342945	0.3507070707070706	0.44484031245842875	6.0	0.0	4.0	0.0	1.0	-0.9744439589908437	0.03131313131313132	0.21212121212121213	0.3929292929292929	0.7725919128693575	0.0	0.0	0.0	1
0.8277465128678779	0.8267906928265433	0.4473219972512126	0.44605169019963903	0.3064646464646464	0.5236601991094434	5.0	0.0	3.0	0.0	1.0	-0.5888440473333307	0.03494949494949495	0.21212121212121213	0.3892929292929293	0.579443934652018	0.0	0.0	0.0	2
0.8277465128678779	0.8267906928265433	0.6451000676497767	0.6432681095302526	0.47737373737373756	0.674130404554802	6.0	0.0	3.0	0.0	1.0	-0.05583318585523833	0.10525252525252526	0.33333333333333337	0.5614141414141414	0.579443934652018	0.0	0.0	0.0	5
0.683750117678692	0.6854202331140761	0.22203139664652627	0.22208538324540428	0.15171717171717172	0.27941943158151133	3.0	0.0	2.0	0.0	0.0	-0.9215110608531861	0.0068686868686868695	0.0808080808080808	0.15474747474747474	0.38629595643467873	0.0	0.0	0.0	3
0.8277465128678779	0.8267906928265433	0.3096666031827283	0.30878721054816727	0.2406060606060605	-2.3084040248085618	5.0	0.0	3.0	0.0	1.0	-0.9598246117189048	1.8315151515151515	1.0505050505050506	0.26949494949494945	0.579443934652018	0.0	0.0	0.0	5
0.683750117678692	0.6854202331140761	0.42145385212016867	0.42155632798801285	0.26848484848484855	0.49929045971122527	4.0	0.0	2.0	0.0	1.0	-0.3683624142596762	0.029494949494949498	0.1616161616161616	0.29373737373737374	0.38629595643467873	0.0	0.0	0.0	2
0.683750117678692	0.6854202331140761	0.27478559271658864	0.2748524064185944	0.1701010101010101	0.34202159931288817	4.0	0.0	2.0	0.0	1.0	-0.7751839479461821	0.010505050505050505	0.10101010101010102	0.19151515151515153	0.38629595643467873	0.0	0.0	0.0	0
0.9450083143897742	0.9407041938880998	1.1180398234347484	1.1116983011394814	0.737979797979798	-0.21571027442118199	11.0	0.0	4.0	0.0	3.0	0.9549170535974323	1.3199999999999998	1.2323232323232323	1.1446464646464647	0.7725919128693575	0.0	0.0	0.0	6
0.683750117678692	0.6854202331140761	0.22261111308685663	0.22266524064291188	0.1519191919191918	0.28094631372130097	3.0	0.0	2.0	0.0	0.0	-0.9199030706014608	0.006464646464646465	0.08080808080808081	0.15515151515151515	0.38629595643467873	0.0	0.0	0.0	3
0.8277465128678779	0.8267906928265433	0.7388821573692836	0.7367838764428911	0.5006060606060608	-1.1147931490733536	8.0	0.0	3.0	0.0	2.0	0.19690905362498423	1.3973737373737374	1.0202020202020203	0.6430303030303031	0.579443934652018	0.0	0.0	0.0	4
				0.0		1.0	0.0	0.0	0.0	4294967295.0		0.0	0.0	0.0	0.0		0.0		6
0.683750117678692	0.6854202331140761	0.589861478036137	0.5900049019639656	0.3731313131313131	-2.225430718743458	4.0	0.0	2.0	0.0	1.0	0.09875875386652905	1.588888888888889	1.0	0.4111111111111111	0.38629595643467873	0.0	0.0	0.0	5
0.683750117678692	0.6854202331140761	0.8055159938390293	0.8057118538367865	0.521010101010101	-3.947753772426216	4.0	0.0	2.0	0.0	1.0	0.6969311275083478	2.650707070707071	1.606060606060606	0.5614141414141414	0.38629595643467873	0.0	0.0	0.0	1
0.9450083143897742	0.9407041938880998	0.8005449282871114	0.796004237155467	0.6414141414141414	-1.6367141328777723	7.0	0.0	4.0	0.0	1.0	0.12064081891467586	2.15010101010101	1.4848484848484849	0.8195959595959595	0.7725919128693575	0.0	0.0	0.0	3
0.48926949305991313	0.4923299360854566	0.7628955561836288	0.7656509474683498	0.3684848484848485	-2.236231922057892	2.0	0.0	1.0	0.0	4294967295.0	1.0408512073186447	1.1668686868686868	0.7676767676767676	0.36848484848484847	0.19314797821733937		0.0		5
1.1322512091154782	1.119995944426637	0.7603779568537382	0.7522438904494655	0.6616161616161617	-0.2498928180491109	15.0	0.0	6.0	0.0	3.0	-0.33196397532024285	1.2547474747474747	1.121212121212121	0.9876767676767677	1.158887869304036	0.0	0.0	0.0	2
				0.0		1.0	0.0	0.0	0.0	4294967295.0		0.0	0.0	0.0	0.0		0.0		2
0.48926949305991313	0.4923299360854566	0.16060959077550083	0.16118967315123156	0.07757575757575756	0.2082321222968887	2.0	0.0	1.0	0.0	4294967295.0	-0.6860706775691675	0.0032323232323232323	0.04040404040404041	0.07757575757575758	0.19314797821733937		0.0		3
0.8277465128678779	0.8267906928265433	0.4120376466636753	0.41086754027211175	0.32080808080808104	0.4926107916365916	5.0	0.0	3.0	0.0	1.0	-0.683935186939751	0.025252525252525256	0.19191919191919193	0.3585858585858586	0.579443934652018	0.0	0.0	0.0	8
0.683750117678692	0.6854202331140761	0.9539234025636004	0.9541553475987277	0.5557575757575758	-0.8084840930186354	4.0	0.0	2.0	0.0	1.0	1.1085766319500296	1.0927272727272728	0.8787878787878788	0.6648484848484848	0.38629595643467873	0.0	0.0	0.0	0
0.48926949305991313	0.4923299360854566	0.9636575446530049	0.9671380389073894	0.46545454545454545	0.5703749436827821	2.0	0.0	1.0	0.0	4294967295.0	1.616491835614582	0.26181818181818184	0.36363636363636365	0.46545454545454545	0.19314797821733937		0.0		4
0.48926949305991313	0.4923299360854566	0.16060959077550083	0.16118967315123156	0.07757575757575756	-4.997570935125329	2.0	0.0	1.0	0.0	4294967295.0	-0.6860706775691675	1.8618181818181818	0.9696969696969697	0.07757575757575758	0.19314797821733937		0.0		1
0.48926949305991313	0.4923299360854566	0.9515281745163134	0.9549648604662807	0.45959595959595956	0.5941405663362315	2.0	0.0	1.0	0.0	4294967295.0	1.581713547655036	0.2474747474747475	0.35353535353535354	0.4595959595959596	0.19314797821733937		0.0		3
0.683750117678692	0.6854202331140761	0.5817454478715121	0.5818868983988595	0.39212121212121215	0.5779248899103938	3.0	0.0	2.0	0.0	0.0	0.07624689034237465	0.0995959595959596	0.2525252525252525	0.40545454545454546	0.38629595643467873	0.0	0.0	0.0	3
1.1322512091154782	1.119995944426637	0.7703317693386306	0.7620912230305179	0.7042424242424243	-1.3220502038089894	14.0	0.0	6.0	0.0	2.0	-0.30689516005012163	2.4135353535353534	1.7070707070707072	1.0006060606060605	1.158887869304036	0.0	0.0	0.0	6
0.683750117678692	0.6854202331140761	0.22203139664652627	0.22208538324540428	0.15171717171717172	0.27941943158151133	3.0	0.0	2.0	0.0	0.0	-0.9215110608531861	0.0068686868686868695	0.0808080808080808	0.15474747474747474	0.38629595643467873	0.0	0.0	0.0	4
0.683750117678692	0.6854202331140761	0.44377293507288734	0.4438808377920548	0.2971717171717173	0.5199033685983858	3.0	0.0	2.0	0.0	0.0	-0.30645478956825145	0.03414141414141414	0.1717171717171717	0.3092929292929293	0.38629595643467873	0.0	0.0	0.0	1
				0.0		1.0	0.0	0.0	0.0	4294967295.0		0.0	0.0	0.0	0.0		0.0		5
0.48926949305991313	0.4923299360854566	0.16060959077550083	0.16118967315123156	0.07757575757575756	-4.997570935125329	2.0	0.0	1.0	0.0	4294967295.0	-0.6860706775691675	1.8618181818181818	0.9696969696969697	0.07757575757575758	0.19314797821733937		0.0		7
0.9450083143897742	0.9407041938880998	0.7336519702665716	0.7294906960177537	0.5688888888888889	0.8041917603997072	9.0	0.0	4.0	0.0	1.0	-0.05513273208436321	0.09737373737373738	0.42424242424242425	0.7511111111111112	0.7725919128693575	0.0	0.0	0.0	3
0.48926949305991313	0.4923299360854566	0.34255014282587287	0.3437873497678611	0.1654545454545454	0.4175959409106084	2.0	0.0	1.0	0.0	4294967295.0	-0.16439635817597417	0.016363636363636365	0.09090909090909091	0.16545454545454547	0.19314797821733937		0.0		3
				0.0		1.0	0.0	0.0	0.0	4294967295.0		0.0	0.0	0.0	0.0		0.0		1
0.683750117678692	0.6854202331140761	1.0568230707222386	1.0570800356563237	0.6107070707070708	0.9512475730889701	4.0	0.0	2.0	0.0	1.0	1.3939949016312738	0.23313131313131313	0.48484848484848486	0.7365656565656565	0.38629595643467873	0.0	0.0	0.0	3
0.683750117678692	0.6854202331140761	0.6269633302172798	0.6271157754044511	0.3973737373737374	-5.0287863273973095	4.0	0.0	2.0	0.0	1.0	0.20167012997694972	3.0983838383838385	1.7676767676767677	0.436969696969697	0.38629595643467873	0.0	0.0	0.0	6
0.9450083143897742	0.9407041938880998	0.8098191732044135	0.8052258785521412	0.6339393939393939	0.5487192234124082	9.0	0.0	4.0	0.0	2.0	0.145010603271475	0.3830303030303031	0.6060606060606061	0.8290909090909091	0.7725919128693575	0.0	0.0	0.0	7
0.683750117678692	0.6854202331140761	0.6733406454437083	0.6735043672050577	0.41353535353535364	-1.8528714766347758	4.0	0.0	2.0	0.0	1.0	0.33030935011497525	1.44989898989899	0.9595959595959596	0.4692929292929293	0.38629595643467873	0.0	0.0	0.0	1
0.683750117678692	0.6854202331140761	0.2976843921096377	0.29775677362014386	0.20262626262626263	0.3641613903398385	3.0	0.0	2.0	0.0	0.0	-0.7116683330030319	0.014747474747474747	0.11111111111111112	0.20747474747474748	0.38629595643467873	0.0	0.0	0.0	3
0.683750117678692	0.6854202331140761	0.7646459847957393	0.764831907312502	0.4608080808080809	-1.4215272721441918	4.0	0.0	2.0	0.0	1.0	0.5835678147617129	1.2852525252525253	0.9090909090909092	0.5329292929292929	0.38629595643467873	0.0	0.0	0.0	2
0.9450083143897742	0.9407041938880998	0.7630532998980183	0.7587252612965717	0.6117171717171719	-1.283824052603488	8.0	0.0	4.0	0.0	2.0	0.022124669387190894	1.8248484848484847	1.3030303030303032	0.7812121212121212	0.7725919128693575	0.0	0.0	0.0	5
0.48926949305991313	0.4923299360854566	0.16060959077550083	0.16118967315123156	0.07757575757575756	0.2082321222968887	2.0	0.0	1.0	0.0	4294967295.0	-0.6860706775691675	0.0032323232323232323	0.04040404040404041	0.07757575757575758	0.19314797821733937		0.0		2
0.683750117678692	0.6854202331140761	0.4655123015852757	0.4656254901985891	0.29797979797979807	-2.28574256326515	4.0	0.0	2.0	0.0	1.0	-0.24615515512855202	1.534141414141414	0.9292929292929293	0.3244444444444444	0.38629595643467873	0.0	0.0	0.0	4
0.8277465128678779	0.8267906928265433	0.553639316784713	0.5520670893233727	0.42969696969696974	-1.4718613350111494	5.0	0.0	3.0	0.0	1.0	-0.30231942930872235	1.4777777777777776	0.9797979797979798	0.4818181818181818	0.579443934652018	0.0	0.0	0.0	5
0.48926949305991313	0.4923299360854566	0.12171195550955921	0.12215154918491766	0.05878787878787882	0.15956918067315926	2.0	0.0	1.0	0.0	4294967295.0	-0.7976010493015054	0.0018181818181818182	0.030303030303030304	0.058787878787878785	0.19314797821733937		0.0		3
0.9450083143897742	0.9407041938880998	0.6018392978249174	0.5984256651033213	0.5149494949494948	0.6709881808032165	7.0	0.0	4.0	0.0	1.0	-0.4014947735809956	0.0707070707070707	0.3434343434343434	0.6161616161616161	0.7725919128693575	0.0	0.0	0.0	1
0.48926949305991313	0.4923299360854566	0.2358953364515168	0.23674733244087134	0.11393939393939395	0.29876782764336207	2.0	0.0	1.0	0.0	4294967295.0	-0.470205441958191	0.007272727272727273	0.06060606060606061	0.11393939393939394	0.19314797821733937		0.0		4
0.8277465128678779	0.8267906928265433	0.452661076616432	0.45137560762288326	0.35797979797979795	0.5075383913831548	5.0	0.0	3.0	0.0	1.0	-0.574455256471833	0.050505050505050504	0.22222222222222224	0.3939393939393939	0.579443934652018	0.0	0.0	0.0	2
0.48926949305991313	0.4923299360854566	0.12171195550955921	0.12215154918491766	0.05878787878787882	0.15956918067315926	2.0	0.0	1.0	0.0	4294967295.0	-0.7976010493015054	0.0018181818181818182	0.030303030303030304	0.058787878787878785	0.19314797821733937		0.0		3
