1.4026911725731355	1.3724055377271644	0.8070490621123275	0.7918947187805282	0.7731313131313132	0.049742625053192865	21.0	0.0	10.0	0.0	3.0	-0.6469446303987701	1.3654545454545453	1.4040404040404042	1.442626262626263	1.9314797821733936	0.1111111111111111	1.0	0.2	13
1.1322512091154782	1.119995944426637	1.1064284690238277	1.0945925622126196	0.8054545454545455	-2.2630233114099534	17.0	0.0	6.0	0.0	3.0	0.5395690555550744	3.855757575757576	2.646464646464646	1.437171717171717	1.158887869304036	0.0	0.0	0.0	9
1.2100396725572446	1.1934377579838085	1.050524221327595	1.0369336335679202	0.8581818181818183	-0.8918743088557592	19.0	0.0	7.0	0.0	4.0	0.2544344210756749	2.561818181818182	2.0303030303030303	1.4987878787878788	1.3520358475213754	0.0	0.0	0.0	7
1.1322512091154782	1.119995944426637	1.2188754444390975	1.2058366474641973	0.8545454545454546	0.10850111767034074	16.0	0.0	6.0	0.0	3.0	0.8227683280597284	1.4672727272727273	1.525252525252525	1.5832323232323233	1.158887869304036	0.0	0.0	0.0	9
0.9450083143897742	0.9407041938880998	0.7849563038516464	0.7805040314036105	0.6343434343434343	-2.148156235134446	8.0	0.0	4.0	0.0	1.0	0.07967884095324783	2.5498989898989897	1.6767676767676767	0.8036363636363636	0.7725919128693575	0.0	0.0	0.0	4
1.1322512091154782	1.119995944426637	0.8891554058770345	0.8796437557168324	0.7666666666666668	0.7058243438694257	13.0	0.0	6.0	0.0	3.0	-0.0076361777630460995	0.40060606060606063	0.7777777777777779	1.154949494949495	1.158887869304036	0.0	0.0	0.0	8
1.1322512091154782	1.119995944426637	1.0793665413305265	1.067820126757883	0.8117171717171718	-1.3836727898029442	17.0	0.0	6.0	0.0	4.0	0.4714132140394321	2.880808080808081	2.141414141414141	1.4020202020202022	1.158887869304036	0.0	0.0	0.0	5
1.2100396725572446	1.1934377579838085	0.6420106240058386	0.6337049595089568	0.6424242424242425	0.621701817727656	13.0	0.0	7.0	0.0	2.0	-0.756056373826132	0.17494949494949494	0.5454545454545455	0.9159595959595961	1.3520358475213754	0.0	0.0	0.0	10
0.48926949305991313	0.4923299360854566	0.6173431145433312	0.6195728061750463	0.2981818181818183	0.651857078494608	2.0	0.0	1.0	0.0	4294967295.0	0.6235117518040899	0.06545454545454546	0.18181818181818182	0.29818181818181816	0.19314797821733937		0.0		6
1.2100396725572446	1.1934377579838085	1.5512188764852142	1.5311508229864623	0.933939393939394	-3.455970573464259	35.0	0.0	7.0	0.0	5.0	1.4929423762828808	6.332323232323232	4.2727272727272725	2.213131313131313	1.3520358475213754	0.0	0.0	0.0	10
1.456812522224161	1.4218876372101144	1.1971417824332806	1.1726267881102728	0.9303030303030304	-2.245171515898503	38.0	0.0	11.0	0.0	8.0	0.18806141126638254	6.025252525252526	4.1515151515151505	2.277777777777778	2.124627760390733	0.0	0.0	0.0	11
1.1322512091154782	1.119995944426637	0.8947544253997866	0.8851828802936745	0.7725252525252525	-2.3427924257947677	14.0	0.0	6.0	0.0	2.0	0.006465030826397331	3.6660606060606065	2.414141414141414	1.1622222222222223	1.158887869304036	0.0	0.0	0.0	14
1.2100396725572446	1.1934377579838085	1.2147792552593932	1.1990637070197045	0.8844444444444445	-1.99019158772032	22.0	0.0	7.0	0.0	4.0	0.6607322796843741	4.105252525252526	2.919191919191919	1.7331313131313133	1.3520358475213754	0.0	0.0	0.0	11
0.683750117678692	0.6854202331140761	0.6652246152790833	0.6653863636399514	0.430909090909091	-4.851667999181706	3.0	0.0	2.0	0.0	0.0	0.3077974865908206	3.0313131313131314	1.7474747474747474	0.4636363636363636	0.38629595643467873	0.0	0.0	0.0	5
0.683750117678692	0.6854202331140761	0.7660952758965651	0.7662815508062709	0.4903030303030303	-2.3720114041632674	3.0	0.0	2.0	0.0	0.0	0.5875877903910263	1.7892929292929294	1.1616161616161618	0.5339393939393939	0.38629595643467873	0.0	0.0	0.0	13
1.0448862968084678	1.0367645284728637	1.0591779578230829	1.0504049270891394	0.734949494949495	-0.25283750760211726	15.0	0.0	5.0	0.0	3.0	0.5922204082599873	1.4727272727272729	1.3535353535353536	1.2343434343434345	0.9657398910866968	0.0	0.0	0.0	12
1.4026911725731355	1.3724055377271644	1.156608332398482	1.1348901487186562	0.9157575757575758	0.399503595976951	31.0	0.0	10.0	0.0	5.0	0.1799745916619013	1.4476767676767672	1.7575757575757576	2.0674747474747477	1.9314797821733936	0.0	0.0	0.0	7
1.1322512091154782	1.119995944426637	0.7795079402231412	0.771169232753676	0.6743434343434344	0.7228367142358563	14.0	0.0	6.0	0.0	3.0	-0.28378484597297754	0.24000000000000005	0.6262626262626262	1.0125252525252528	1.158887869304036	0.0	0.0	0.0	3
0.9450083143897742	0.9407041938880998	0.5592172360773168	0.5560453557058402	0.47373737373737373	-1.6232943692617077	8.0	0.0	4.0	0.0	2.0	-0.5134920804122418	1.8921212121212123	1.2323232323232323	0.5725252525252525	0.7725919128693575	0.0	0.0	0.0	10
1.5070406700472805	1.4674825756639511	1.0749335855361546	1.0512053793619154	0.926868686868687	-0.6159734966861524	40.0	0.0	12.0	0.0	6.0	-0.17266963922021616	3.267272727272727	2.717171717171717	2.1670707070707076	2.317775738608072	0.0	0.0	0.0	5
1.344073735825258	1.3184101303266593	1.1748539757245644	1.1549259240173233	0.9143434343434345	0.8919299018344178	30.0	0.0	9.0	0.0	5.0	0.32143367277758467	0.6842424242424243	1.3232323232323233	1.9622222222222225	1.7383318039560542	0.0	0.0	0.0	3
0.683750117678692	0.6854202331140761	0.6130501356493512	0.613199197864269	0.40303030303030307	0.5840324184695523	4.0	0.0	2.0	0.0	1.0	0.16307836393554181	0.11818181818181818	0.2727272727272727	0.42727272727272725	0.38629595643467873	0.0	0.0	0.0	4
0.683750117678692	0.6854202331140761	0.37681568621473127	0.376907308379929	0.237979797979798	0.4580646419369038	4.0	0.0	2.0	0.0	1.0	-0.49217766364252574	0.0202020202020202	0.14141414141414144	0.26262626262626265	0.38629595643467873	0.0	0.0	0.0	8
1.1322512091154782	1.119995944426637	0.5050004552882161	0.4995982639168367	0.5242424242424242	-1.0218763800102078	10.0	0.0	6.0	0.0	2.0	-0.9751357670942972	1.7480808080808077	1.202020202020202	0.6559595959595961	1.158887869304036	0.0	0.0	0.0	7
1.2100396725572446	1.1934377579838085	1.3146066681231154	1.2975996568330734	0.9096969696969697	-0.3783092849422379	24.0	0.0	7.0	0.0	5.0	0.9076633058215573	2.326464646464647	2.101010101010101	1.8755555555555556	1.3520358475213754	0.0	0.0	0.0	7
0.683750117678692	0.6854202331140761	0.3750765368937402	0.37516773618740623	0.23737373737373738	0.4534839955175349	4.0	0.0	2.0	0.0	1.0	-0.49700163439770173	0.021414141414141417	0.1414141414141414	0.26141414141414143	0.38629595643467873	0.0	0.0	0.0	6
1.1322512091154782	1.119995944426637	1.1000518079006936	1.0882841147778828	0.8254545454545454	-0.2181363933651095	14.0	0.0	6.0	0.0	4.0	0.523509345772653	1.6620202020202022	1.5454545454545456	1.4288888888888889	1.158887869304036	0.0	0.0	0.0	8
1.1322512091154782	1.119995944426637	0.8583607985018984	0.8491785705442012	0.7450505050505052	0.8956067866238189	14.0	0.0	6.0	0.0	2.0	-0.08519282500498453	0.15777777777777777	0.6363636363636364	1.114949494949495	1.158887869304036	0.0	0.0	0.0	3
1.1322512091154782	1.119995944426637	0.3420067758481019	0.3383481929021015	0.3266666666666668	-1.2290492458058404	10.0	0.0	6.0	0.0	2.0	-1.385637617142537	1.7577777777777774	1.101010101010101	0.44424242424242416	1.158887869304036	0.0	0.0	0.0	6
1.2100396725572446	1.1934377579838085	0.8018760837549764	0.7915022465150466	0.7490909090909091	-5.01259802548465	15.0	0.0	7.0	0.0	3.0	-0.36061647523197626	7.118585858585859	4.1313131313131315	1.144040404040404	1.3520358475213754	0.0	0.0	0.0	10
1.280192013892186	1.2591029260400894	1.3326957191958448	1.3126787434037874	0.9101010101010101	-0.3920091285083542	34.0	0.0	8.0	0.0	5.0	0.8174284167569471	2.5806060606060606	2.3232323232323235	2.065858585858586	1.545183825738715	0.0	0.0	0.0	7
1.344073735825258	1.3184101303266593	0.9772104674023223	0.9606348749239118	0.8545454545454547	0.4311605500805646	22.0	0.0	9.0	0.0	4.0	-0.15248379491063274	1.0143434343434343	1.323232323232323	1.6321212121212123	1.7383318039560542	0.0	0.0	0.0	11
1.0448862968084678	1.0367645284728637	1.2838415639341656	1.2732076743080467	0.8410101010101011	-2.997195810456288	14.0	0.0	5.0	0.0	4.0	1.1694803678504933	4.322020202020202	2.909090909090909	1.4961616161616162	0.9657398910866968	0.0	0.0	0.0	9
1.0448862968084678	1.0367645284728637	0.8189127123987305	0.8121297668689189	0.7042424242424243	-1.3610371595666526	10.0	0.0	5.0	0.0	3.0	-0.02512704852430414	2.2375757575757578	1.595959595959596	0.9543434343434345	0.9657398910866968	0.0	0.0	0.0	8
1.1322512091154782	1.119995944426637	0.8603826666628923	0.8511788099747275	0.7305050505050507	-2.672076305553884	16.0	0.0	6.0	0.0	4.0	-0.08010072190324086	3.9733333333333336	2.5454545454545454	1.1175757575757577	1.158887869304036	0.0	0.0	0.0	8
1.0448862968084678	1.0367645284728637	0.9466728032196163	0.938831637779671	0.717979797979798	-6.851896456017384	14.0	0.0	5.0	0.0	4.0	0.3031450118292475	7.563434343434343	4.333333333333333	1.1032323232323233	0.9657398910866968	0.0	0.0	0.0	8
1.1322512091154782	1.119995944426637	0.994914663529017	0.9842716643905156	0.8117171717171717	-0.738336873903047	14.0	0.0	6.0	0.0	3.0	0.2587199844819952	2.081414141414142	1.686868686868687	1.2923232323232325	1.158887869304036	0.0	0.0	0.0	5
1.0448862968084678	1.0367645284728637	0.8374613280267289	0.8305247467704799	0.7125252525252526	0.4632497385048968	10.0	0.0	5.0	0.0	2.0	0.02253253147275136	0.5391919191919192	0.7575757575757576	0.975959595959596	0.9657398910866968	0.0	0.0	0.0	7
1.280192013892186	1.2591029260400894	0.7474095393690758	0.7361835119715158	0.7418181818181819	0.2723140335399477	19.0	0.0	8.0	0.0	3.0	-0.6069358233121566	0.801010101010101	0.9797979797979798	1.1585858585858586	1.545183825738715	0.0	0.0	0.0	9
0.9450083143897742	0.9407041938880998	0.7938359000490632	0.7893332625280858	0.5818181818181819	-2.150641376544829	9.0	0.0	4.0	0.0	3.0	0.10301161320975763	2.561010101010101	1.686868686868687	0.8127272727272727	0.7725919128693575	0.0	0.0	0.0	6
0.9450083143897742	0.9407041938880998	0.8058726860055616	0.8013017758301522	0.6274747474747475	-0.654089219212617	9.0	0.0	4.0	0.0	3.0	0.13464048226858175	1.3567676767676766	1.0909090909090908	0.825050505050505	0.7725919128693575	0.0	0.0	0.0	7
0.9450083143897742	0.9407041938880998	1.0994913336001444	1.0932550183461334	0.7713131313131313	0.5825171465936078	9.0	0.0	4.0	0.0	2.0	0.9061774848838345	0.6521212121212121	0.8888888888888888	1.1256565656565658	0.7725919128693575	0.0	0.0	0.0	7
1.4026911725731355	1.3724055377271644	1.5495658438064865	1.52046891040468	0.9658585858585859	-2.067574347106266	44.0	0.0	10.0	0.0	6.0	1.1095569179163318	5.9775757575757575	4.373737373737374	2.76989898989899	1.9314797821733936	0.0	0.0	0.0	10
1.344073735825258	1.3184101303266593	1.13445438467216	1.1152115969688536	0.9082828282828284	0.515757126289962	30.0	0.0	9.0	0.0	5.0	0.22456192601634534	1.1557575757575758	1.5252525252525253	1.8947474747474748	1.7383318039560542	0.0	0.0	0.0	9
0.8277465128678779	0.8267906928265433	0.8380033264540101	0.8356235607787738	0.6143434343434344	-2.5018657175240224	6.0	0.0	3.0	0.0	1.0	0.4640400839667044	2.4222222222222225	1.5757575757575757	0.7292929292929293	0.579443934652018	0.0	0.0	0.0	2
1.0448862968084678	1.0367645284728637	1.2658130029499428	1.2553284415065293	0.8565656565656568	0.1294185208404058	14.0	0.0	5.0	0.0	2.0	1.123157037759897	1.3531313131313132	1.4141414141414141	1.475151515151515	0.9657398910866968	0.0	0.0	0.0	5
1.1322512091154782	1.119995944426637	1.01622204337949	1.0053511106968311	0.7989898989898989	0.5799328031578465	18.0	0.0	6.0	0.0	5.0	0.3123829171695987	0.7002020202020203	1.0101010101010102	1.32	1.158887869304036	0.0	0.0	0.0	4
0.9450083143897742	0.9407041938880998	0.6268994915376271	0.6233437173879515	0.5333333333333333	-1.7758820518591798	7.0	0.0	4.0	0.0	1.0	-0.3356445052126238	2.085454545454546	1.3636363636363635	0.6418181818181818	0.7725919128693575	0.0	0.0	0.0	6
1.280192013892186	1.2591029260400894	0.9895519847304959	0.974688998500387	0.8430303030303031	-3.2791532829776515	24.0	0.0	8.0	0.0	3.0	-0.01765308938911146	5.83979797979798	3.686868686868687	1.5339393939393942	1.545183825738715	0.0	0.0	0.0	9
0.9450083143897742	0.9407041938880998	0.537116907763746	0.5340703804627018	0.47696969696969704	0.6073685606974301	6.0	0.0	4.0	0.0	1.0	-0.5715647580284436	0.05616161616161616	0.30303030303030304	0.5498989898989899	0.7725919128693575	0.0	0.0	0.0	7
1.344073735825258	1.3184101303266593	1.4754317714288314	1.45040527346477	0.952929292929293	-0.5363422931675815	34.0	0.0	9.0	0.0	6.0	1.0421710700880011	3.232727272727273	2.8484848484848486	2.464242424242425	1.7383318039560542	0.0	0.0	0.0	6
0.683750117678692	0.6854202331140761	0.6811668173881681	0.68133244207141	0.4571717171717171	-1.0306454443580333	3.0	0.0	2.0	0.0	0.0	0.35201721851326695	1.02020202020202	0.7474747474747474	0.47474747474747475	0.38629595643467873	0.0	0.0	0.0	10
1.0448862968084678	1.0367645284728637	0.7161152444790762	0.7101837567602676	0.6141414141414143	-2.4936634859944435	11.0	0.0	5.0	0.0	2.0	-0.2892591133677999	3.185656565656566	2.01010101010101	0.8345454545454546	0.9657398910866968	0.0	0.0	0.0	10
1.2100396725572446	1.1934377579838085	0.7613787219407573	0.7515287973709	0.7066666666666668	-0.8722130736168257	19.0	0.0	7.0	0.0	3.0	-0.4607899127855002	2.1258585858585857	1.606060606060606	1.0862626262626263	1.3520358475213754	0.0	0.0	0.0	4
1.0448862968084678	1.0367645284728637	0.8620772478321097	0.8549367761725515	0.686060606060606	-2.004272920432379	10.0	0.0	5.0	0.0	2.0	0.08578169371183428	2.894343434343434	1.9494949494949494	1.0046464646464646	0.9657398910866968	0.0	0.0	0.0	4
1.344073735825258	1.3184101303266593	1.2442832130421695	1.223177492058705	0.9286868686868688	-4.162997515264466	28.0	0.0	9.0	0.0	5.0	0.48791386032534223	8.043030303030303	5.0606060606060606	2.078181818181818	1.7383318039560542	0.0	0.0	0.0	1
1.2100396725572446	1.1934377579838085	1.403672544280961	1.3855132914892563	0.9307070707070708	0.46203902811493747	25.0	0.0	7.0	0.0	6.0	1.1279748170843777	1.4519191919191918	1.7272727272727273	2.0026262626262628	1.3520358475213754	0.0	0.0	0.0	6
1.2100396725572446	1.1934377579838085	1.3594936041199948	1.3419058924229144	0.9032323232323233	0.0850856904305574	24.0	0.0	7.0	0.0	4.0	1.0186947033896243	1.8381818181818181	1.8888888888888888	1.9395959595959598	1.3520358475213754	0.0	0.0	0.0	13
1.456812522224161	1.4218876372101144	1.113368401826641	1.0905689135365249	0.9056565656565657	-0.07600904107731782	39.0	0.0	11.0	0.0	5.0	-0.007667258577491414	2.2452525252525257	2.181818181818181	2.1183838383838385	2.124627760390733	0.0	0.0	0.0	8
0.9450083143897742	0.9407041938880998	0.855993073430981	0.8511378803994124	0.6648484848484849	-1.6213062561334017	9.0	0.0	4.0	0.0	2.0	0.2663410190053251	2.194343434343435	1.5353535353535352	0.8763636363636363	0.7725919128693575	0.0	0.0	0.0	5
1.344073735825258	1.3184101303266593	1.0872812094912085	1.0688385803553708	0.882020202020202	0.01099755490722132	33.0	0.0	9.0	0.0	6.0	0.11144820973825147	1.8002020202020201	1.8080808080808082	1.8159595959595958	1.7383318039560542	0.0	0.0	0.0	5
1.5976643994105224	1.5489258089934743	1.5560247475685398	1.5171400221266402	0.9826262626262627	-2.9545468633051573	66.0	0.0	14.0	0.0	12.0	0.7874324200982455	9.446464646464648	6.464646464646465	3.4828282828282835	2.704071695042751	0.0	0.0	0.0	6
0.9450083143897742	0.9407041938880998	1.1006752797598	1.09443224916273	0.7763636363636364	0.23757951883254677	9.0	0.0	4.0	0.0	2.0	0.9092885211847026	0.9337373737373739	1.0303030303030303	1.126868686868687	0.7725919128693575	0.0	0.0	0.0	7
0.9450083143897742	0.9407041938880998	0.42681259055583487	0.4243917093831095	0.36949494949494943	-1.6834347913929593	7.0	0.0	4.0	0.0	1.0	-0.861409640059308	1.8054545454545454	1.1212121212121213	0.43696969696969695	0.7725919128693575	0.0	0.0	0.0	9
1.280192013892186	1.2591029260400894	1.7688909638808137	1.7423223727967538	0.9686868686868687	-1.0698710673654217	38.0	0.0	8.0	0.0	6.0	1.8789619530542725	4.146868686868687	3.4444444444444446	2.742020202020202	1.545183825738715	0.0	0.0	0.0	5
1.280192013892186	1.2591029260400894	1.525184627591333	1.50227648484789	0.9383838383838384	-1.5529592398600183	34.0	0.0	8.0	0.0	6.0	1.285873302658097	4.403434343434343	3.383838383838384	2.3642424242424243	1.545183825738715	0.0	0.0	0.0	7
1.0448862968084678	1.0367645284728637	1.1600685587155597	1.1504598644976303	0.8276767676767678	0.33940221359470674	14.0	0.0	5.0	0.0	3.0	0.851452890113131	1.031919191919192	1.191919191919192	1.351919191919192	0.9657398910866968	0.0	0.0	0.0	7
0.8277465128678779	0.8267906928265433	0.7360965507439517	0.734006180395981	0.5036363636363637	-0.8234064020204358	6.0	0.0	3.0	0.0	1.0	0.1894018583928984	1.1977777777777776	0.9191919191919191	0.6406060606060606	0.579443934652018	0.0	0.0	0.0	7
1.1322512091154782	1.119995944426637	0.8281883044070683	0.8193288436578858	0.7165656565656565	-0.8411672014512439	13.0	0.0	6.0	0.0	3.0	-0.16118267129253994	1.974747474747475	1.5252525252525253	1.075757575757576	1.158887869304036	0.0	0.0	0.0	9
1.1322512091154782	1.119995944426637	0.5953624092526304	0.588993580004204	0.5856565656565655	-2.6735885162531225	9.0	0.0	6.0	0.0	1.0	-0.7475579284702257	3.6307070707070705	2.202020202020202	0.7733333333333333	1.158887869304036	0.0	0.0	0.0	13
1.2100396725572446	1.1934377579838085	0.8497366022626901	0.8387435955035838	0.7692929292929294	-2.5251127809450975	18.0	0.0	7.0	0.0	4.0	-0.24222968539599332	4.222020202020202	2.717171717171717	1.2123232323232322	1.3520358475213754	0.0	0.0	0.0	7
1.344073735825258	1.3184101303266593	1.1440099765677887	1.124605105462354	0.8832323232323234	-3.9596837437745473	28.0	0.0	9.0	0.0	4.0	0.24747470444190817	7.584242424242425	4.747474747474748	1.910707070707071	1.7383318039560542	0.0	0.0	0.0	9
1.1322512091154782	1.119995944426637	0.5370392892239637	0.5312943656620994	0.5513131313131313	-2.5696240306804974	10.0	0.0	6.0	0.0	2.0	-0.8944455179435937	3.443838383838384	2.070707070707071	0.6975757575757576	1.158887869304036	0.0	0.0	0.0	8
0.8277465128678779	0.8267906928265433	1.558546906873192	1.5541209382461736	0.8333333333333334	-0.947006927921981	8.0	0.0	3.0	0.0	2.0	2.4059012506662345	1.997171717171717	1.676767676767677	1.3563636363636364	0.579443934652018	0.0	0.0	0.0	9
1.280192013892186	1.2591029260400894	1.0167897517275555	1.0015176565652602	0.7977777777777779	-1.3532622819307225	20.0	0.0	8.0	0.0	4.0	0.048633289184578626	3.353131313131313	2.4646464646464645	1.5761616161616163	1.545183825738715	0.0	0.0	0.0	5
1.280192013892186	1.2591029260400894	0.7650033123097604	0.7535130279464338	0.7632323232323233	-2.0400475055026583	15.0	0.0	8.0	0.0	3.0	-0.5641192629894379	3.864646464646465	2.525252525252525	1.185858585858586	1.545183825738715	0.14285714285714285	1.0	0.25	4
1.1322512091154782	1.119995944426637	0.8782684234716834	0.8688732357063064	0.7385858585858587	0.3769185167851194	13.0	0.0	6.0	0.0	2.0	-0.03505519446474123	0.7379797979797981	0.9393939393939394	1.140808080808081	1.158887869304036	0.0	0.0	0.0	6
1.1322512091154782	1.119995944426637	1.2474926553331631	1.2341477286347233	0.8557575757575757	-0.9560952145933468	20.0	0.0	6.0	0.0	5.0	0.8948411719613278	2.6422222222222227	2.1313131313131315	1.6204040404040405	1.158887869304036	0.0	0.0	0.0	7
1.344073735825258	1.3184101303266593	1.0789351861899634	1.0606341235699088	0.8745454545454546	-0.755729414137286	25.0	0.0	9.0	0.0	6.0	0.09143578301212792	2.8848484848484848	2.343434343434343	1.8020202020202023	1.7383318039560542	0.0	0.0	0.0	8
1.280192013892186	1.2591029260400894	1.3414274435441846	1.3212793179987468	0.9191919191919193	-1.2175668143701386	34.0	0.0	8.0	0.0	6.0	0.8386781170652593	3.678181818181818	2.878787878787879	2.0793939393939396	1.545183825738715	0.0	0.0	0.0	5
1.1322512091154782	1.119995944426637	1.118093093029561	1.1061324050810404	0.8474747474747476	0.6574336014938037	16.0	0.0	6.0	0.0	3.0	0.5689465734497481	0.7496969696969698	1.101010101010101	1.4523232323232322	1.158887869304036	0.0	0.0	0.0	6
1.344073735825258	1.3184101303266593	1.0867973820534553	1.0683629596721558	0.8856565656565657	-0.497709856698624	31.0	0.0	9.0	0.0	5.0	0.11028806905847678	2.528282828282829	2.171717171717172	1.8151515151515154	1.7383318039560542	0.0	0.0	0.0	3
0.683750117678692	0.6854202331140761	0.8069652849398553	0.8071614973305556	0.5272727272727273	-0.3175914850762533	4.0	0.0	2.0	0.0	1.0	0.7009511031376616	0.7305050505050505	0.6464646464646465	0.5624242424242425	0.38629595643467873	0.0	0.0	0.0	9
1.1322512091154782	1.119995944426637	0.6067159766182109	0.6002256937294671	0.5765656565656566	-0.6990193957228544	12.0	0.0	6.0	0.0	3.0	-0.7189638110527434	1.5351515151515152	1.1616161616161618	0.788080808080808	1.158887869304036	0.0	0.0	0.0	6
1.0448862968084678	1.0367645284728637	0.7786951532800799	0.7722453244655342	0.6624242424242424	-2.231826677274285	10.0	0.0	5.0	0.0	2.0	-0.1284637079571727	3.011717171717172	1.9595959595959598	0.9074747474747475	0.9657398910866968	0.0	0.0	0.0	6
1.2100396725572446	1.1934377579838085	0.44306379411430713	0.437331896405718	0.46363636363636374	-2.5156211501400945	13.0	0.0	7.0	0.0	2.0	-1.2481671422271856	3.6305050505050502	2.131313131313131	0.6321212121212121	1.3520358475213754	0.0	0.0	0.0	5
1.0448862968084678	1.0367645284728637	0.42540469860848534	0.4218811278358016	0.42888888888888876	0.4945330233438027	7.0	0.0	5.0	0.0	1.0	-1.0362228110786633	0.029494949494949498	0.26262626262626265	0.4957575757575758	0.9657398910866968	0.0	0.0	0.0	5
1.2100396725572446	1.1934377579838085	0.877773237364842	0.8664175218341472	0.7517171717171718	-3.135967020609893	19.0	0.0	7.0	0.0	3.0	-0.17287884401278394	4.99010101010101	3.121212121212121	1.2523232323232325	1.3520358475213754	0.0	0.0	0.0	7
1.1322512091154782	1.119995944426637	0.6569516240029024	0.6499239503494665	0.6373737373737374	-0.8604478878665316	11.0	0.0	6.0	0.0	1.0	-0.5924446339863492	1.7729292929292928	1.3131313131313134	0.8533333333333333	1.158887869304036	0.0	0.0	0.0	11
1.456812522224161	1.4218876372101144	1.387835054384515	1.3594150552008313	0.9658585858585859	-0.3580171074947589	45.0	0.0	11.0	0.0	5.0	0.6335984087817143	3.2381818181818183	2.9393939393939394	2.6406060606060606	2.124627760390733	0.0	0.0	0.0	6
1.1322512091154782	1.119995944426637	0.9381468267011146	0.9281110957642004	0.7715151515151516	0.8816188376558658	16.0	0.0	6.0	0.0	4.0	0.11574939739458327	0.2763636363636363	0.7474747474747475	1.2185858585858587	1.158887869304036	0.0	0.0	0.0	6
1.2100396725572446	1.1934377579838085	0.7680338827983387	0.7580978606917912	0.752929292929293	-0.7715339897209078	15.0	0.0	7.0	0.0	3.0	-0.4443278443763547	2.0153535353535355	1.5555555555555556	1.0957575757575757	1.3520358475213754	0.0	0.0	0.0	15
0.8277465128678779	0.8267906928265433	0.28622108075285163	0.28540826882000775	0.23878787878787874	0.34811162608985796	4.0	0.0	3.0	0.0	0.0	-1.0230101715889603	0.013535353535353536	0.13131313131313133	0.24909090909090909	0.579443934652018	0.0	0.0	0.0	6
0.683750117678692	0.6854202331140761	1.1791432396319437	1.1794299465304237	0.6597979797979798	-1.0932476120894108	4.0	0.0	2.0	0.0	1.0	1.7332808447453163	1.4004040404040403	1.1111111111111112	0.8218181818181818	0.38629595643467873	0.0	0.0	0.0	8
0.9450083143897742	0.9407041938880998	0.7058292355146656	0.7018257718277313	0.565858585858586	-3.1675612416732593	8.0	0.0	4.0	0.0	2.0	-0.12824208515476002	3.2975757575757574	2.0101010101010104	0.7226262626262627	0.7725919128693575	0.0	0.0	0.0	9
1.280192013892186	1.2591029260400894	1.2202258966194697	1.2018982079493117	0.8961616161616162	-2.5499055321418598	26.0	0.0	8.0	0.0	5.0	0.5437195903976428	5.239797979797979	3.5656565656565657	1.8915151515151518	1.545183825738715	0.0	0.0	0.0	10
0.8277465128678779	0.8267906928265433	1.5457795431737542	1.5413898313645022	0.8383838383838383	-0.4723092559812661	8.0	0.0	3.0	0.0	2.0	2.371493272519174	1.6648484848484848	1.5050505050505052	1.3452525252525251	0.579443934652018	0.0	0.0	0.0	12
1.280192013892186	1.2591029260400894	1.133169301624083	1.1161491955697176	0.8969696969696971	-0.2938529966448023	26.0	0.0	8.0	0.0	4.0	0.33185690672670964	2.142424242424243	1.9494949494949498	1.7565656565656569	1.545183825738715	0.0	0.0	0.0	4
0.48926949305991313	0.4923299360854566	1.00380994234688	1.0074354571951973	0.48484848484848486	0.4526785267323669	2.0	0.0	1.0	0.0	4294967295.0	1.7316199612737697	0.32323232323232326	0.40404040404040403	0.48484848484848486	0.19314797821733937		0.0		13
1.4026911725731355	1.3724055377271644	1.1378476344135153	1.116481729265139	0.9187878787878788	-0.11250687970146216	33.0	0.0	10.0	0.0	4.0	0.1355941872448074	2.208484848484849	2.1212121212121215	2.033939393939394	1.9314797821733936	0.0	0.0	0.0	2
1.2100396725572446	1.1934377579838085	1.0700649063987917	1.0562215216164945	0.8387878787878789	-0.5400059954417429	23.0	0.0	7.0	0.0	4.0	0.3027698559791235	2.1703030303030304	1.8484848484848486	1.5266666666666666	1.3520358475213754	0.0	0.0	0.0	4
1.280192013892186	1.2591029260400894	1.4012462715425114	1.3801996723134675	0.9301010101010102	-1.7071166757961924	34.0	0.0	8.0	0.0	6.0	0.9842544221625017	4.413737373737375	3.2929292929292933	2.172121212121212	1.545183825738715	0.0	0.0	0.0	10
1.0448862968084678	1.0367645284728637	1.254891855430654	1.2444977524056104	0.8171717171717173	-1.2046207353721226	15.0	0.0	5.0	0.0	3.0	1.0950957897242473	2.5981818181818186	2.0303030303030303	1.4624242424242424	0.9657398910866968	0.0	0.0	0.0	2
1.0448862968084678	1.0367645284728637	0.34826325978176326	0.34537864132930945	0.3402020202020201	-1.5174535837611833	7.0	0.0	5.0	0.0	2.0	-1.2344332138701566	1.8365656565656565	1.1212121212121213	0.40585858585858586	0.9657398910866968	0.0	0.0	0.0	7
1.2100396725572446	1.1934377579838085	0.7343332810088837	0.7248332421732355	0.6557575757575758	-0.41152999275974605	17.0	0.0	7.0	0.0	3.0	-0.5276889567460703	1.538181818181818	1.292929292929293	1.0476767676767678	1.3520358475213754	0.0	0.0	0.0	11
0.9450083143897742	0.9407041938880998	1.069300706528927	1.0632356325229175	0.7420202020202021	-1.4070870665584485	10.0	0.0	4.0	0.0	2.0	0.8268460592117015	2.2385858585858585	1.6666666666666665	1.0947474747474748	0.7725919128693575	0.0	0.0	0.0	6
1.0448862968084678	1.0367645284728637	0.7074476670828153	0.7015879717595381	0.6155555555555555	-1.0580606885925896	9.0	0.0	5.0	0.0	2.0	-0.3115299451421249	1.822020202020202	1.323232323232323	0.8244444444444445	0.9657398910866968	0.0	0.0	0.0	9
1.344073735825258	1.3184101303266593	1.0982882837000973	1.079658950898517	0.8595959595959596	-1.4719804260435219	28.0	0.0	9.0	0.0	5.0	0.13784141020314059	3.943434343434344	2.8888888888888893	1.8343434343434346	1.7383318039560542	0.0	0.0	0.0	10
1.344073735825258	1.3184101303266593	1.3474594141430707	1.3246036027543477	0.9333333333333333	-0.9474816535452546	34.0	0.0	9.0	0.0	5.0	0.7353138602874285	3.6080808080808087	2.9292929292929286	2.2505050505050503	1.7383318039560542	0.0	0.0	0.0	8
1.1322512091154782	1.119995944426637	0.8647374596250328	0.8554870179789381	0.7313131313131314	0.09829369545048267	13.0	0.0	6.0	0.0	4.0	-0.06913311522256263	1.018181818181818	1.0707070707070707	1.1232323232323234	1.158887869304036	0.0	0.0	0.0	10
0.683750117678692	0.6854202331140761	0.5921803437974584	0.592324331553996	0.3957575757575757	0.6054087684266078	3.0	0.0	2.0	0.0	0.0	0.10519071487343037	0.09232323232323233	0.25252525252525254	0.4127272727272727	0.38629595643467873	0.0	0.0	0.0	8
1.2100396725572446	1.1934377579838085	0.8216999671605384	0.8110696691730208	0.7268686868686869	0.6959399300953533	18.0	0.0	7.0	0.0	5.0	-0.31158052677920195	0.34282828282828287	0.7575757575757576	1.1723232323232324	1.3520358475213754	0.0	0.0	0.0	8
1.0448862968084678	1.0367645284728637	0.8648508725989132	0.8576874273727849	0.6907070707070707	-4.225814682143188	13.0	0.0	5.0	0.0	2.0	0.09290835987961835	4.992121212121212	3.0	1.0078787878787878	0.9657398910866968	0.0	0.0	0.0	3
1.1322512091154782	1.119995944426637	0.9255490327749226	0.9156480654663058	0.7656565656565657	-2.8728222758777537	14.0	0.0	6.0	0.0	3.0	0.08402167806833577	4.272525252525252	2.737373737373737	1.2022222222222223	1.158887869304036	0.0	0.0	0.0	7
1.0448862968084678	1.0367645284728637	0.7152484867394501	0.7093241782601946	0.5959595959595961	-1.31732626842188	10.0	0.0	5.0	0.0	2.0	-0.2914861965452324	2.0755555555555554	1.4545454545454546	0.8335353535353536	0.9657398910866968	0.0	0.0	0.0	13
0.9450083143897742	0.9407041938880998	0.5700700758741596	0.56683663819131	0.5131313131313131	-0.5770498354907659	7.0	0.0	4.0	0.0	2.0	-0.4849742476542854	1.0527272727272725	0.8181818181818181	0.5836363636363637	0.7725919128693575	0.0	0.0	0.0	4
1.4026911725731355	1.3724055377271644	0.7941652092792781	0.7792527921678716	0.8086868686868688	0.7753078260908622	22.0	0.0	10.0	0.0	4.0	-0.6774227394562926	0.21676767676767678	0.8181818181818181	1.4195959595959597	1.9314797821733936	0.0	0.0	0.0	6
1.2100396725572446	1.1934377579838085	0.8350102888757013	0.8242077958148032	0.7735353535353535	-1.9840898250599617	15.0	0.0	7.0	0.0	3.0	-0.278656389960911	3.5561616161616163	2.3737373737373737	1.1913131313131313	1.3520358475213754	0.0	0.0	0.0	13
1.2100396725572446	1.1934377579838085	0.9366784909127971	0.9245607205892697	0.7521212121212122	-1.5712038850423584	21.0	0.0	7.0	0.0	4.0	-0.027172025753112835	3.2090909090909094	2.272727272727273	1.3363636363636364	1.3520358475213754	0.0	0.0	0.0	8
1.0448862968084678	1.0367645284728637	0.4250579955126349	0.4215372964357724	0.40202020202020194	-1.3918919062570807	8.0	0.0	5.0	0.0	2.0	-1.0371136443496363	1.8076767676767678	1.1515151515151516	0.4953535353535354	0.9657398910866968	0.0	0.0	0.0	4
0.8277465128678779	0.8267906928265433	0.5160336273427325	0.5145681926900869	0.37616161616161614	-1.5088817823826264	6.0	0.0	3.0	0.0	1.0	-0.40366656494188075	1.4701010101010101	0.9595959595959596	0.4490909090909091	0.579443934652018	0.0	0.0	0.0	14
0.8277465128678779	0.8267906928265433	0.5977447550191346	0.5960472767327818	0.4185858585858586	0.6717419885953522	6.0	0.0	3.0	0.0	1.0	-0.18345550480069692	0.06565656565656566	0.29292929292929293	0.5202020202020202	0.579443934652018	0.0	0.0	0.0	11
1.344073735825258	1.3184101303266593	0.8407711299558784	0.8265098422572237	0.8202020202020203	-4.0885525282001955	19.0	0.0	9.0	0.0	4.0	-0.47964346660727253	7.262424242424243	4.333333333333333	1.4042424242424243	1.7383318039560542	0.0	0.0	0.0	8
1.0448862968084678	1.0367645284728637	0.9373118196316544	0.9295481899788832	0.7486868686868687	-1.646872104601589	11.0	0.0	5.0	0.0	3.0	0.2790925135129763	2.645050505050505	1.8686868686868687	1.0923232323232324	0.9657398910866968	0.0	0.0	0.0	9
1.2100396725572446	1.1934377579838085	0.8355766855444317	0.8247668650336025	0.7519191919191919	-0.7623813457303695	16.0	0.0	7.0	0.0	3.0	-0.2772553628622603	2.1008080808080805	1.6464646464646464	1.1921212121212121	1.3520358475213754	0.0	0.0	0.0	6
1.2100396725572446	1.1934377579838085	1.1224565982563481	1.1079354243554258	0.8571717171717173	0.7718729765353723	19.0	0.0	7.0	0.0	3.0	0.43236486260431234	0.6814141414141415	1.1414141414141414	1.6014141414141416	1.3520358475213754	0.0	0.0	0.0	6
1.2100396725572446	1.1934377579838085	0.9252089583710079	0.9132395689085849	0.7795959595959597	0.3166136847097228	21.0	0.0	7.0	0.0	3.0	-0.055542824500788825	0.9426262626262627	1.1313131313131313	1.3200000000000003	1.3520358475213754	0.0	0.0	0.0	10
1.1322512091154782	1.119995944426637	1.2087661036341284	1.1958354503115658	0.8583838383838385	-2.770370001004367	20.0	0.0	6.0	0.0	4.0	0.7973078125510114	4.530909090909091	3.0505050505050506	1.5701010101010102	1.158887869304036	0.0	0.0	0.0	8
1.0448862968084678	1.0367645284728637	0.5391233140474284	0.5346578270453721	0.45878787878787897	0.6042387893542132	10.0	0.0	5.0	0.0	2.0	-0.7440294981995181	0.05858585858585859	0.3434343434343434	0.6282828282828283	0.9657398910866968	0.0	0.0	0.0	7
1.280192013892186	1.2591029260400894	1.1581915564730563	1.1407956182896009	0.8931313131313132	-3.9271683729608498	25.0	0.0	8.0	0.0	5.0	0.39275157029679797	6.952121212121213	4.373737373737374	1.7953535353535355	1.545183825738715	0.0	0.0	0.0	8
1.280192013892186	1.2591029260400894	0.8046218824873017	0.7925365305862492	0.7662626262626262	-1.8234270765624057	20.0	0.0	8.0	0.0	4.0	-0.4677027123367974	3.6416161616161618	2.444444444444444	1.2472727272727275	1.545183825738715	0.0	0.0	0.0	9
1.2100396725572446	1.1934377579838085	1.239700708683528	1.2236627526468715	0.8747474747474748	-1.659340456803095	26.0	0.0	7.0	0.0	4.0	0.7223774720250038	3.7464646464646467	2.757575757575758	1.7686868686868686	1.3520358475213754	0.0	0.0	0.0	16
0.8277465128678779	0.8267906928265433	0.4923559710274114	0.4909577762913515	0.39313131313131316	-1.8683383842798726	4.0	0.0	3.0	0.0	0.0	-0.4674777244146102	1.6927272727272726	1.0606060606060606	0.42848484848484847	0.579443934652018	0.0	0.0	0.0	9
0.8277465128678779	0.8267906928265433	1.2207921035517006	1.21732529255833	0.7234343434343434	0.4233467288125376	6.0	0.0	3.0	0.0	2.0	1.4956538287758299	0.775959595959596	0.9191919191919192	1.0624242424242425	0.579443934652018	0.0	0.0	0.0	6
1.2100396725572446	1.1934377579838085	1.0495330271573171	1.0359552624350217	0.8383838383838383	-1.4535754604232212	20.0	0.0	7.0	0.0	5.0	0.25198262365303675	3.2298989898989903	2.3636363636363638	1.4973737373737377	1.3520358475213754	0.0	0.0	0.0	5
0.683750117678692	0.6854202331140761	1.003779016432011	1.0040230837843798	0.5731313131313132	-1.440613298891563	4.0	0.0	2.0	0.0	1.0	1.246863793598407	1.462020202020202	1.0808080808080809	0.6995959595959595	0.38629595643467873	0.0	0.0	0.0	9
1.1322512091154782	1.119995944426637	0.9219718814131642	0.9121091803199899	0.7660606060606062	-2.749199051215032	14.0	0.0	6.0	0.0	4.0	0.07501257258063558	4.135757575757576	2.6666666666666665	1.1975757575757575	1.158887869304036	0.0	0.0	0.0	10
0.8277465128678779	0.8267906928265433	0.8635380538528856	0.8610857745421158	0.6206060606060607	-2.19734268269413	6.0	0.0	3.0	0.0	1.0	0.5328560402608241	2.2383838383838386	1.494949494949495	0.7515151515151515	0.579443934652018	0.0	0.0	0.0	7
1.0448862968084678	1.0367645284728637	1.0394158813596077	1.030806537287476	0.7793939393939395	-1.5015976722674913	14.0	0.0	5.0	0.0	4.0	0.5414429118145253	2.627070707070707	1.9191919191919191	1.2113131313131311	0.9657398910866968	0.0	0.0	0.0	8
1.4026911725731355	1.3724055377271644	1.7492655627187514	1.716418772900856	0.9727272727272728	-2.2714930665651663	55.0	0.0	10.0	0.0	8.0	1.581967608307928	6.65090909090909	4.888888888888889	3.126868686868687	1.9314797821733936	0.0	0.0	0.0	4
1.1322512091154782	1.119995944426637	0.8434300797745597	0.8344075716726225	0.7416161616161616	-2.1651076686342807	13.0	0.0	6.0	0.0	3.0	-0.12279604791016659	3.40949494949495	2.2525252525252526	1.0955555555555556	1.158887869304036	0.0	0.0	0.0	8
0.9450083143897742	0.9407041938880998	1.05963181289174	1.0536215808540446	0.7602020202020203	0.33300894899122624	10.0	0.0	4.0	0.0	3.0	0.8014392627546134	0.8141414141414142	0.9494949494949495	1.084848484848485	0.7725919128693575	0.0	0.0	0.0	11
0.8277465128678779	0.8267906928265433	0.9361959599969591	0.933537346432353	0.6383838383838383	-0.06986116681391641	6.0	0.0	3.0	0.0	2.0	0.7286687158977292	0.862020202020202	0.8383838383838383	0.8147474747474748	0.579443934652018	0.0	0.0	0.0	10
1.2100396725572446	1.1934377579838085	0.8791892290366676	0.8678151948811451	0.7804040404040404	-0.9969602213397142	18.0	0.0	7.0	0.0	2.0	-0.1693762762661576	2.4426262626262623	1.8484848484848484	1.2543434343434343	1.3520358475213754	0.0	0.0	0.0	9
1.280192013892186	1.2591029260400894	1.0239575851478342	1.0085778297402266	0.8525252525252527	0.37139326382227905	23.0	0.0	8.0	0.0	4.0	0.0660770730197602	1.0995959595959595	1.3434343434343434	1.5872727272727274	1.545183825738715	0.0	0.0	0.0	7
1.1322512091154782	1.119995944426637	0.9331699204586683	0.923187429473674	0.7860606060606061	0.0	12.0	0.0	6.0	0.0	2.0	0.10321498975952244	1.2121212121212122	1.2121212121212122	1.2121212121212122	1.158887869304036	0.0	0.0	0.0	9
1.0448862968084678	1.0367645284728637	0.6063837146424129	0.6013611186510325	0.5715151515151516	0.5990963315724748	9.0	0.0	5.0	0.0	1.0	-0.5712078436307558	0.14181818181818182	0.42424242424242425	0.7066666666666666	0.9657398910866968	0.0	0.0	0.0	5
1.5070406700472805	1.4674825756639511	1.3272578857487058	1.2979598442853144	0.9646464646464646	-1.3583991361000176	45.0	0.0	12.0	0.0	8.0	0.41015614433994346	5.102020202020202	3.888888888888889	2.6757575757575762	2.317775738608072	0.0	0.0	0.0	5
1.280192013892186	1.2591029260400894	1.702034626706213	1.6764702120920656	0.9690909090909092	0.6030909669359291	40.0	0.0	8.0	0.0	5.0	1.716259023827942	1.8464646464646464	2.2424242424242427	2.6383838383838385	1.545183825738715	0.0	0.0	0.0	4
1.344073735825258	1.3184101303266593	0.9498742171692581	0.9337623063222525	0.8365656565656566	-0.3657391978119632	21.0	0.0	9.0	0.0	5.0	-0.2180317433179383	2.1105050505050507	1.8484848484848486	1.5864646464646466	1.7383318039560542	0.0	0.0	0.0	6
1.1322512091154782	1.119995944426637	0.8348760221703554	0.8259450202357804	0.6812121212121212	-0.08770822055581484	14.0	0.0	6.0	0.0	3.0	-0.14433956103292717	1.1781818181818182	1.1313131313131313	1.0844444444444445	1.158887869304036	0.0	0.0	0.0	8
0.9450083143897742	0.9407041938880998	0.8680298593874793	0.8631063937014789	0.6501010101010101	-0.4726738962547104	9.0	0.0	4.0	0.0	2.0	0.2979698880641495	1.2729292929292928	1.0808080808080809	0.8886868686868687	0.7725919128693575	0.0	0.0	0.0	9
1.2100396725572446	1.1934377579838085	1.2835964505101294	1.266990617103814	0.901818181818182	-1.8593426773370731	18.0	0.0	7.0	0.0	3.0	0.8309570721704324	4.047474747474748	2.9393939393939394	1.8313131313131314	1.3520358475213754	0.0	0.0	0.0	9
1.0448862968084678	1.0367645284728637	0.5401634233349797	0.5356893212454595	0.4565656565656568	0.6068100182450819	11.0	0.0	5.0	0.0	3.0	-0.7413569983865994	0.05737373737373737	0.3434343434343435	0.6294949494949494	0.9657398910866968	0.0	0.0	0.0	8
1.0448862968084678	1.0367645284728637	0.6601226944992306	0.6546549856555552	0.5884848484848485	-4.196245549898194	9.0	0.0	5.0	0.0	1.0	-0.43312868662994014	4.725656565656566	2.7474747474747474	0.7692929292929293	0.9657398910866968	0.0	0.0	0.0	9
1.2100396725572446	1.1934377579838085	0.7872913695351704	0.777106214130966	0.746868686868687	-1.0644185974181237	18.0	0.0	7.0	0.0	2.0	-0.3966929230222311	2.3919191919191922	1.7575757575757576	1.1232323232323234	1.3520358475213754	0.0	0.0	0.0	6
1.2100396725572446	1.1934377579838085	0.5740430237581979	0.566616653253046	0.601010101010101	-3.778347034019875	12.0	0.0	7.0	0.0	1.0	-0.9241796256642144	5.322424242424243	3.0707070707070705	0.818989898989899	1.3520358475213754	0.0	0.0	0.0	4
0.8277465128678779	0.8267906928265433	0.3096666031827283	0.30878721054816727	0.2404040404040404	0.37856392957284724	5.0	0.0	3.0	0.0	1.0	-0.9598246117189048	0.013333333333333334	0.1414141414141414	0.26949494949494945	0.579443934652018	0.0	0.0	0.0	5
1.344073735825258	1.3184101303266593	0.7150969529994466	0.7029673697920741	0.7244444444444446	-0.4477978767350788	20.0	0.0	9.0	0.0	3.0	-0.7809900081789112	1.8359595959595956	1.5151515151515151	1.1943434343434345	1.7383318039560542	0.0	0.0	0.0	10
0.8277465128678779	0.8267906928265433	0.7785770517802633	0.7763660451113594	0.56	-0.8634123693412256	5.0	0.0	3.0	0.0	1.0	0.3038865856822074	1.2618181818181817	0.9696969696969697	0.6775757575757577	0.579443934652018	0.0	0.0	0.0	7
0.9450083143897742	0.9407041938880998	0.4084614250811735	0.40614463172586074	0.354949494949495	0.48211743361416315	7.0	0.0	4.0	0.0	1.0	-0.9096307027227611	0.026262626262626265	0.2222222222222222	0.4181818181818182	0.7725919128693575	0.0	0.0	0.0	8
1.2100396725572446	1.1934377579838085	0.5144297743743298	0.5077746179744242	0.5638383838383838	0.5705148087435358	11.0	0.0	7.0	0.0	1.0	-1.0716377277971991	0.05393939393939394	0.393939393939394	0.7339393939393939	1.3520358475213754	0.0	0.0	0.0	8
1.0448862968084678	1.0367645284728637	1.0726993785612498	1.0638143516902774	0.8052525252525253	0.3376880610007945	13.0	0.0	5.0	0.0	3.0	0.6269629058279341	0.9317171717171717	1.0909090909090908	1.2501010101010102	0.9657398910866968	0.0	0.0	0.0	2
0.683750117678692	0.6854202331140761	1.3400145518236175	1.340340374338778	0.716969696969697	0.5901399470287111	4.0	0.0	2.0	0.0	1.0	2.179498139599093	0.6216161616161616	0.7777777777777778	0.933939393939394	0.38629595643467873	0.0	0.0	0.0	9
0.9450083143897742	0.9407041938880998	1.1344177453099837	1.1279833274357358	0.7488888888888889	-1.4915818745114469	10.0	0.0	4.0	0.0	2.0	0.9979530557594389	2.373939393939394	1.7676767676767677	1.1614141414141415	0.7725919128693575	0.0	0.0	0.0	5
1.0448862968084678	1.0367645284728637	1.0550175206728776	1.0462789502887893	0.7909090909090909	0.893930577725453	13.0	0.0	5.0	0.0	2.0	0.5815304090083112	0.38666666666666666	0.8080808080808081	1.2294949494949496	0.9657398910866968	0.0	0.0	0.0	5
1.5976643994105224	1.5489258089934743	1.0241422744002446	0.998549178136368	0.9307070707070708	-0.6211354279699116	39.0	0.0	14.0	0.0	5.0	-0.41633559645758406	3.5460606060606064	2.9191919191919187	2.2923232323232323	2.704071695042751	0.0	0.0	0.0	5
1.280192013892186	1.2591029260400894	0.9518882782130306	0.9375909976355626	0.8294949494949495	-1.90650593425256	21.0	0.0	8.0	0.0	5.0	-0.10931224445033862	3.978989898989899	2.7272727272727275	1.4755555555555557	1.545183825738715	0.0	0.0	0.0	2
1.456812522224161	1.4218876372101144	1.220819176445043	1.195819317932764	0.9387878787878788	0.6288900914613818	36.0	0.0	11.0	0.0	6.0	0.24338142821845296	1.2731313131313131	1.797979797979798	2.322828282828283	2.124627760390733	0.0	0.0	0.0	6
1.1322512091154782	1.119995944426637	0.7939720739902504	0.7854786379105178	0.7232323232323232	-1.378001999680802	13.0	0.0	6.0	0.0	2.0	-0.24735672378358267	2.504040404040404	1.7676767676767677	1.0313131313131314	1.158887869304036	0.0	0.0	0.0	1
1.0448862968084678	1.0367645284728637	0.5502178131146425	0.5456604318463059	0.5337373737373737	-0.5682415848820468	6.0	0.0	5.0	0.0	0.0	-0.7155228335283819	1.1769696969696968	0.9090909090909091	0.6412121212121213	0.9657398910866968	0.0	0.0	0.0	3
1.4026911725731355	1.3724055377271644	0.99669033451458	0.9779750069913845	0.892929292929293	-1.0498037779550766	29.0	0.0	10.0	0.0	5.0	-0.19832825321874886	3.410303030303031	2.5959595959595956	1.7816161616161617	1.9314797821733936	0.0	0.0	0.0	6
0.8277465128678779	0.8267906928265433	0.3252195735074981	0.32429601347674847	0.2703030303030304	-2.4176740549534053	4.0	0.0	3.0	0.0	0.0	-0.9179094383397589	1.9189898989898988	1.101010101010101	0.283030303030303	0.579443934652018	0.0	0.0	0.0	9
1.2100396725572446	1.1934377579838085	1.274817302144809	1.2583250442124256	0.9044444444444445	-0.11762842461913683	24.0	0.0	7.0	0.0	4.0	0.8092411521413465	1.9589898989898988	1.888888888888889	1.8187878787878788	1.3520358475213754	0.0	0.0	0.0	7
1.1322512091154782	1.119995944426637	0.5900744463700313	0.5837621845705199	0.5931313131313131	-2.346194899868055	10.0	0.0	6.0	0.0	2.0	-0.7608757365824779	3.273939393939394	2.0202020202020203	0.7664646464646464	1.158887869304036	0.0	0.0	0.0	7
0.683750117678692	0.6854202331140761	1.1174034387367608	1.1176751336958661	0.6127272727272728	0.9199464892232819	4.0	0.0	2.0	0.0	1.0	1.56202988293657	0.2919191919191919	0.5353535353535354	0.7787878787878788	0.38629595643467873	0.0	0.0	0.0	4
1.0448862968084678	1.0367645284728637	1.1829509630416886	1.1731527368995558	0.8357575757575759	0.9530688422154395	14.0	0.0	5.0	0.0	3.0	0.9102478859973492	0.48	0.9292929292929293	1.3785858585858586	0.9657398910866968	0.0	0.0	0.0	7
1.0448862968084678	1.0367645284728637	0.9024681584986857	0.8949931342759508	0.6733333333333333	-0.21169784534821312	14.0	0.0	5.0	0.0	4.0	0.1895637697801896	1.2513131313131314	1.1515151515151514	1.0517171717171718	0.9657398910866968	0.0	0.0	0.0	10
0.9450083143897742	0.9407041938880998	0.7377957818253661	0.7336110038758422	0.5783838383838384	-1.1486323598786916	9.0	0.0	4.0	0.0	2.0	-0.0442441050313253	1.6890909090909092	1.2222222222222223	0.7553535353535354	0.7725919128693575	0.0	0.0	0.0	12
1.1322512091154782	1.119995944426637	1.6095625844711263	1.5923444512705087	0.9315151515151515	-0.34062546000340255	23.0	0.0	6.0	0.0	4.0	1.8067193274119966	2.4547474747474745	2.2727272727272725	2.0907070707070705	1.158887869304036	0.0	0.0	0.0	4
1.4026911725731355	1.3724055377271644	1.1534438773166804	1.131785114112039	0.9129292929292929	-1.9256385845199302	31.0	0.0	10.0	0.0	5.0	0.17248874031443961	5.049292929292929	3.5555555555555554	2.061818181818182	1.9314797821733936	0.0	0.0	0.0	10
1.0448862968084678	1.0367645284728637	0.9953845881866026	0.9871399494837706	0.7486868686868688	-1.2676158431984126	13.0	0.0	5.0	0.0	3.0	0.4283070864009546	2.355151515151515	1.7575757575757576	1.1600000000000001	0.9657398910866968	0.0	0.0	0.0	7
1.280192013892186	1.2591029260400894	1.263884518361168	1.2449010809241081	0.9143434343434345	-1.908352131090119	24.0	0.0	8.0	0.0	4.0	0.6499680919392035	4.465050505050504	3.2121212121212124	1.9591919191919194	1.545183825738715	0.0	0.0	0.0	9
1.1322512091154782	1.119995944426637	0.8986426334016976	0.8890294945831481	0.7761616161616162	-1.0290593808315893	12.0	0.0	6.0	0.0	2.0	0.016257536791288385	2.2670707070707072	1.7171717171717171	1.1672727272727272	1.158887869304036	0.0	0.0	0.0	6
1.280192013892186	1.2591029260400894	0.9271266718520673	0.913201308485678	0.7775757575757578	-1.841889044937996	22.0	0.0	8.0	0.0	3.0	-0.16957258860823882	3.8557575757575755	2.6464646464646466	1.4371717171717173	1.545183825738715	0.0	0.0	0.0	5
0.9450083143897742	0.9407041938880998	0.527842662846444	0.5248487390660277	0.44181818181818194	0.6088596455436597	8.0	0.0	4.0	0.0	1.0	-0.5959345423852425	0.045454545454545456	0.29292929292929293	0.5404040404040404	0.7725919128693575	0.0	0.0	0.0	5
1.1322512091154782	1.119995944426637	1.372692952994701	1.3580087087557744	0.9101010101010102	0.23666097443077727	17.0	0.0	6.0	0.0	3.0	1.2101598640308244	1.53010101010101	1.6565656565656564	1.783030303030303	1.158887869304036	0.0	0.0	0.0	7
1.2100396725572446	1.1934377579838085	1.4216556385131494	1.4032637391861327	0.9256565656565657	-1.9864627327612117	27.0	0.0	7.0	0.0	4.0	1.1724574274665371	4.395959595959597	3.212121212121212	2.0282828282828285	1.3520358475213754	0.0	0.0	0.0	9
0.9450083143897742	0.9407041938880998	0.4021470455630104	0.3998660673706783	0.3791919191919191	0.46621252858771645	5.0	0.0	4.0	0.0	0.0	-0.9262228963273903	0.03272727272727273	0.2222222222222222	0.4117171717171717	0.7725919128693575	0.0	0.0	0.0	5
1.2100396725572446	1.1934377579838085	0.8351518880428839	0.824347563119503	0.7414141414141415	-2.746471170790331	19.0	0.0	7.0	0.0	3.0	-0.2783061331862485	4.465050505050505	2.828282828282828	1.1915151515151514	1.3520358475213754	0.0	0.0	0.0	8
1.280192013892186	1.2591029260400894	0.8961095017788606	0.8826500136558225	0.8098989898989899	-2.868989885566635	22.0	0.0	8.0	0.0	3.0	-0.24505659865866128	5.156363636363637	3.272727272727273	1.3890909090909092	1.545183825738715	0.0	0.0	0.0	10
0.8277465128678779	0.8267906928265433	1.153705410658291	1.1504291127619128	0.724848484848485	-0.3761755136133976	8.0	0.0	3.0	0.0	2.0	1.3148555436030964	1.2585858585858585	1.1313131313131315	1.004040404040404	0.579443934652018	0.0	0.0	0.0	4
0.683750117678692	0.6854202331140761	0.7347905881187259	0.7349692513408613	0.49151515151515146	0.5229571328779652	3.0	0.0	2.0	0.0	0.0	0.5007563167978589	0.23535353535353537	0.3737373737373737	0.5121212121212121	0.38629595643467873	0.0	0.0	0.0	7
1.1322512091154782	1.119995944426637	1.1880808370639613	1.175371462291566	0.8535353535353536	0.033646688058049774	20.0	0.0	6.0	0.0	3.0	0.7452116808177901	1.5072727272727273	1.5252525252525253	1.5432323232323233	1.158887869304036	0.0	0.0	0.0	2
1.0448862968084678	1.0367645284728637	0.977529378750305	0.9694326323822677	0.7525252525252526	-0.9046440314374072	10.0	0.0	5.0	0.0	2.0	0.3824291729458444	1.9921212121212122	1.5656565656565657	1.139191919191919	0.9657398910866968	0.0	0.0	0.0	9
1.2100396725572446	1.1934377579838085	1.0842248231170502	1.070198252086476	0.8527272727272729	0.10406895204056155	17.0	0.0	7.0	0.0	3.0	0.3377955334453908	1.422828282828283	1.484848484848485	1.546868686868687	1.3520358475213754	0.0	0.0	0.0	8
1.280192013892186	1.2591029260400894	0.5826796949466675	0.5739278957322836	0.6638383838383839	-1.562805622993666	14.0	0.0	8.0	0.0	2.0	-1.00782569181524	2.955353535353536	1.9292929292929295	0.9032323232323232	1.545183825738715	0.0	0.0	0.0	5
1.1322512091154782	1.119995944426637	0.958209979990976	0.9479596254978844	0.7991919191919191	-2.6800154117248858	13.0	0.0	6.0	0.0	3.0	0.166278728173422	4.108888888888889	2.6767676767676774	1.2446464646464648	1.158887869304036	0.0	0.0	0.0	4
1.280192013892186	1.2591029260400894	1.8231058493869228	1.795722955356501	0.9743434343434344	-0.01876966784851578	44.0	0.0	8.0	0.0	7.0	2.0109003907894647	2.8507070707070703	2.8383838383838382	2.826060606060606	1.545183825738715	0.0	0.0	0.0	4
1.0448862968084678	1.0367645284728637	0.46302198450825766	0.4591868347389675	0.4276767676767677	-5.176312295467757	7.0	0.0	5.0	0.0	1.0	-0.9395674011780925	5.42	2.9797979797979797	0.5395959595959596	0.9657398910866968	0.0	0.0	0.0	4
