0.8277465128678779	0.8267906928265433	0.3275409123619413	0.32661076018250684	0.25515151515151535	0.3946857372991358	5.0	0.0	3.0	0.0	1.0	-0.9116534423130207	0.017979797979797978	0.15151515151515152	0.28505050505050505	0.579443934652018	0.0	0.0	0.0	103
0.9450083143897742	0.9407041938880998	0.38063869032926745	0.3784797075358383	0.3337373737373738	0.4368878599452055	7.0	0.0	4.0	0.0	1.0	-0.9827400557931582	0.034545454545454546	0.21212121212121213	0.3896969696969697	0.7725919128693575	0.0	0.0	0.0	113
0.9450083143897742	0.9407041938880998	1.1488224235857933	1.1423063023709956	0.7622222222222222	0.9055855299433043	9.0	0.0	4.0	0.0	2.0	1.035803997419999	0.44000000000000006	0.8080808080808081	1.1761616161616162	0.7725919128693575	0.0	0.0	0.0	128
0.48926949305991313	0.4923299360854566	0.12171195550955921	0.12215154918491766	0.05878787878787882	0.15956918067315926	2.0	0.0	1.0	0.0	4294967295.0	-0.7976010493015054	0.0018181818181818182	0.030303030303030304	0.058787878787878785	0.19314797821733937		0.0		113
1.0448862968084678	1.0367645284728637	1.0486035133996445	1.0399180693882493	0.7842424242424244	-1.5860196875176897	14.0	0.0	5.0	0.0	3.0	0.5650499934953103	2.7173737373737374	1.9696969696969697	1.222020202020202	0.9657398910866968	0.0	0.0	0.0	105
1.4026911725731355	1.3724055377271644	0.5675676221716998	0.5569101355154475	0.6131313131313132	0.604724478395358	16.0	0.0	10.0	0.0	3.0	-1.213463166301313	0.07636363636363636	0.5454545454545455	1.0145454545454544	1.9314797821733936	0.0	0.0	0.0	120
1.0448862968084678	1.0367645284728637	1.1484540050045702	1.1389415125966527	0.6696969696969698	0.20355562052712864	8.0	0.0	5.0	0.0	1.0	0.8216099755355355	1.1464646464646464	1.2424242424242424	1.3383838383838385	0.9657398910866968	0.0	0.0	0.0	98
0.9450083143897742	0.9407041938880998	0.28355510523751026	0.2819467805749091	0.2404040404040404	0.34145842978652574	6.0	0.0	4.0	0.0	1.0	-1.2378450324643304	0.012727272727272728	0.15151515151515152	0.2903030303030303	0.7725919128693575	0.0	0.0	0.0	116
1.344073735825258	1.3184101303266593	0.4777795947814299	0.46967542467501555	0.5456565656565656	0.5216788866246197	13.0	0.0	9.0	0.0	2.0	-1.3500390116087047	0.050505050505050504	0.42424242424242425	0.7979797979797979	1.7383318039560542	0.125	1.0	0.2222222222222222	100
1.2100396725572446	1.1934377579838085	0.3777865780431357	0.3728991689391038	0.37272727272727274	0.429835280740822	11.0	0.0	7.0	0.0	2.0	-1.409635515346677	0.02666666666666667	0.2828282828282829	0.538989898989899	1.3520358475213754	0.16666666666666666	1.0	0.2857142857142857	93
0.8277465128678779	0.8267906928265433	0.20265288199289494	0.2020773874127062	0.17090909090909082	0.2525749877118524	4.0	0.0	3.0	0.0	0.0	-1.2482260285515345	0.005454545454545455	0.09090909090909091	0.17636363636363636	0.579443934652018	0.0	0.0	0.0	121
1.344073735825258	1.3184101303266593	0.37206329963232365	0.36575230539249315	0.46464646464646486	0.4162151549502372	14.0	0.0	9.0	0.0	2.0	-1.6035297501396115	0.025050505050505056	0.3232323232323232	0.6214141414141414	1.7383318039560542	0.0	0.0	0.0	114
1.2100396725572446	1.1934377579838085	0.8042832695970806	0.7938782906949438	0.713939393939394	0.8406872998716399	17.0	0.0	7.0	0.0	2.0	-0.35466211006271026	0.14545454545454545	0.6464646464646464	1.1474747474747478	1.3520358475213754	0.0	0.0	0.0	91
1.4026911725731355	1.3724055377271644	0.6990055243193873	0.6858799657831628	0.7836363636363637	0.6601966204703844	20.0	0.0	10.0	0.0	3.0	-0.9025329835478175	0.22525252525252526	0.7373737373737375	1.2494949494949494	1.9314797821733936	0.0	0.0	0.0	110
1.280192013892186	1.2591029260400894	0.45874133889784596	0.4518510831978614	0.5395959595959595	0.4984731461409209	14.0	0.0	8.0	0.0	2.0	-1.309444572310835	0.05656565656565656	0.38383838383838387	0.711111111111111	1.545183825738715	0.0	0.0	0.0	101
0.8277465128678779	0.8267906928265433	0.5204441711661746	0.5189662114310278	0.4208080808080809	0.562471958450508	4.0	0.0	3.0	0.0	0.0	-0.3917801724910783	0.07232323232323233	0.26262626262626265	0.4529292929292929	0.579443934652018	0.0	0.0	0.0	97
1.5070406700472805	1.4674825756639511	0.9220158404510261	0.9016631579667177	0.8076767676767679	0.871139895607189	35.0	0.0	12.0	0.0	5.0	-0.5258833587249044	0.30282828282828284	1.0808080808080809	1.8587878787878789	2.317775738608072	0.0	0.0	0.0	101
1.2100396725572446	1.1934377579838085	0.4940394943000377	0.4876481260976511	0.5424242424242424	0.5555993889071036	11.0	0.0	7.0	0.0	2.0	-1.1220747033486236	0.04262626262626262	0.3737373737373738	0.704848484848485	1.3520358475213754	0.0	0.0	0.0	95
1.2100396725572446	1.1934377579838085	0.6679232716002513	0.6592823762690225	0.6420202020202023	0.19220552380129774	17.0	0.0	7.0	0.0	4.0	-0.6919593840628636	0.723838383838384	0.8383838383838385	0.9529292929292927	1.3520358475213754	0.0	0.0	0.0	109
1.1322512091154782	1.119995944426637	0.5017343605666107	0.4963671079136787	0.49979797979797985	-0.5194443751883189	8.0	0.0	6.0	0.0	1.0	-0.9833614721048061	1.2068686868686869	0.9292929292929293	0.6517171717171717	1.158887869304036	0.2	1.0	0.3333333333333333	101
1.4026911725731355	1.3724055377271644	0.8571152621565455	0.841020802020939	0.8167676767676768	0.7771308542341728	24.0	0.0	10.0	0.0	4.0	-0.528507768008574	0.3264646464646465	0.9292929292929293	1.5321212121212122	1.9314797821733936	0.0	0.0	0.0	103
1.4026911725731355	1.3724055377271644	0.6967451992609576	0.6836620839212932	0.7840404040404041	0.2903823399702086	16.0	0.0	10.0	0.0	2.0	-0.9078800202245758	0.794949494949495	1.02020202020202	1.2454545454545454	1.9314797821733936	0.0	0.0	0.0	103
1.0448862968084678	1.0367645284728637	0.7079677217265911	0.702103718859582	0.6135353535353535	0.7645120568850473	10.0	0.0	5.0	0.0	2.0	-0.31019369523566515	0.10424242424242425	0.46464646464646464	0.8250505050505053	0.9657398910866968	0.0	0.0	0.0	113
1.344073735825258	1.3184101303266593	0.8624224077953407	0.8477938678311042	0.7979797979797981	-0.6119152345813107	20.0	0.0	9.0	0.0	5.0	-0.4277271711873269	2.3171717171717177	1.878787878787879	1.4404040404040406	1.7383318039560542	0.0	0.0	0.0	104
1.1322512091154782	1.119995944426637	0.5990950889344652	0.5926863297220989	0.6103030303030305	-0.13156233083372249	12.0	0.0	6.0	0.0	2.0	-0.73815712274393	0.9187878787878788	0.8484848484848485	0.7781818181818183	1.158887869304036	0.0	0.0	0.0	97
1.280192013892186	1.2591029260400894	0.5461889066252479	0.5379851959324538	0.5959595959595961	0.5357047823650268	12.0	0.0	8.0	0.0	2.0	-1.096630409521619	0.14323232323232324	0.49494949494949503	0.8466666666666667	1.545183825738715	0.0	0.0	0.0	83
1.456812522224161	1.4218876372101144	0.6008536892940074	0.5885494451366768	0.7076767676767676	0.6315528285691858	19.0	0.0	11.0	0.0	3.0	-1.205109957356171	0.08909090909090908	0.6161616161616161	1.1432323232323232	2.124627760390733	0.0	0.0	0.0	103
1.344073735825258	1.3184101303266593	0.7580366381000561	0.7451787054274235	0.7062626262626264	0.7661629918697795	19.0	0.0	9.0	0.0	3.0	-0.6780275228488518	0.16828282828282828	0.7171717171717171	1.266060606060606	1.7383318039560542	0.125	1.0	0.2222222222222222	109
1.2100396725572446	1.1934377579838085	0.5550687353557315	0.5478878344232709	0.5022222222222225	0.6169560023251546	13.0	0.0	7.0	0.0	4.0	-0.9711140334690125	0.05656565656565656	0.4242424242424243	0.7919191919191919	1.3520358475213754	0.0	0.0	0.0	103
1.1322512091154782	1.119995944426637	0.6312894511902891	0.6245362960389406	0.6218181818181818	0.5326762188066531	12.0	0.0	6.0	0.0	2.0	-0.6570751733546308	0.2507070707070707	0.5353535353535354	0.8200000000000001	1.158887869304036	0.0	0.0	0.0	114
1.280192013892186	1.2591029260400894	0.8619645498495324	0.8490179159859819	0.7533333333333334	0.8966362641078052	20.0	0.0	8.0	0.0	4.0	-0.3281524416553445	0.15878787878787878	0.7474747474747475	1.3361616161616163	1.545183825738715	0.0	0.0	0.0	121
1.456812522224161	1.4218876372101144	1.1470264013859626	1.1235376666922638	0.9133333333333334	0.9084774877808183	34.0	0.0	11.0	0.0	4.0	0.07097150991491419	0.666060606060606	1.4242424242424243	2.1824242424242426	2.124627760390733	0.0	0.0	0.0	106
1.4026911725731355	1.3724055377271644	0.5401046727117789	0.5299628708937325	0.6185858585858587	0.5805042473485159	16.0	0.0	10.0	0.0	2.0	-1.278429661923926	0.06484848484848485	0.5151515151515151	0.9654545454545456	1.9314797821733936	0.1111111111111111	1.0	0.2	113
0.9450083143897742	0.9407041938880998	0.7632506242579608	0.758921466432671	0.6294949494949496	0.13320357959649018	8.0	0.0	4.0	0.0	1.0	0.02264317543733527	0.6731313131313131	0.7272727272727273	0.7814141414141413	0.7725919128693575	0.0	0.0	0.0	93
1.0448862968084678	1.0367645284728637	0.9673016374227174	0.9592896060814072	0.7080808080808082	0.37711357066078577	9.0	0.0	5.0	0.0	3.0	0.35614959145214137	0.7717171717171717	0.9494949494949495	1.1272727272727274	0.9657398910866968	0.25	1.0	0.4	108
1.280192013892186	1.2591029260400894	0.8923300987027136	0.8789273768908402	0.7664646464646466	0.7990955311901063	20.0	0.0	8.0	0.0	5.0	-0.2542542301353933	0.333939393939394	0.8585858585858587	1.3832323232323234	1.545183825738715	0.0	0.0	0.0	105
1.280192013892186	1.2591029260400894	0.3513541618376684	0.34607685235836205	0.374747474747475	0.39877851691273675	14.0	0.0	8.0	0.0	2.0	-1.5707841701324652	0.02101010101010101	0.2828282828282829	0.5446464646464646	1.545183825738715	0.0	0.0	0.0	120
1.4026911725731355	1.3724055377271644	0.5285770149137873	0.5186516733981976	0.6121212121212122	0.5539401229745594	18.0	0.0	10.0	0.0	4.0	-1.3056995489753935	0.08545454545454546	0.5151515151515151	0.9448484848484848	1.9314797821733936	0.0	0.0	0.0	97
1.344073735825258	1.3184101303266593	0.5468459615207202	0.5375702772039862	0.6026262626262627	0.5839983644322095	17.0	0.0	9.0	0.0	4.0	-1.184428929570778	0.07656565656565657	0.4949494949494949	0.9133333333333333	1.7383318039560542	0.0	0.0	0.0	92
1.280192013892186	1.2591029260400894	0.516474978992092	0.5087175689525925	0.5721212121212121	0.5578591444157348	13.0	0.0	8.0	0.0	2.0	-1.168942822511099	0.06808080808080808	0.43434343434343436	0.8006060606060608	1.545183825738715	0.0	0.0	0.0	106
1.2100396725572446	1.1934377579838085	0.9761846585567382	0.9635557986005179	0.8252525252525253	-0.3749194167975938	18.0	0.0	7.0	0.0	4.0	0.07054961437777255	1.8395959595959595	1.6161616161616161	1.3927272727272728	1.3520358475213754	0.0	0.0	0.0	116
1.2100396725572446	1.1934377579838085	0.45283413664990546	0.44697584043000516	0.487878787878788	0.5078022480676272	12.0	0.0	7.0	0.0	3.0	-1.2239994247754613	0.04080808080808081	0.3434343434343434	0.646060606060606	1.3520358475213754	0.0	0.0	0.0	98
1.456812522224161	1.4218876372101144	0.6968373851981925	0.6825675929372701	0.8070707070707072	-0.3841603445531991	19.0	0.0	11.0	0.0	2.0	-0.9808530276491215	1.967070707070707	1.6464646464646462	1.325858585858586	2.124627760390733	0.0	0.0	0.0	90
1.280192013892186	1.2591029260400894	0.5087858485957929	0.5011439286376281	0.5402020202020201	0.5550898491593961	13.0	0.0	8.0	0.0	3.0	-1.1876552451706577	0.0597979797979798	0.4242424242424242	0.7886868686868687	1.545183825738715	0.0	0.0	0.0	109
1.1322512091154782	1.119995944426637	0.4846262453582017	0.4794420050399947	0.5181818181818181	0.5353225875303198	9.0	0.0	6.0	0.0	1.0	-1.0264484983503275	0.05737373737373737	0.34343434343434337	0.6294949494949494	1.158887869304036	0.0	0.0	0.0	92
1.1322512091154782	1.119995944426637	0.28601658062058183	0.2829569471336811	0.341212121212121	0.33608882790568806	7.0	0.0	6.0	0.0	0.0	-1.5266497030369701	0.012323232323232323	0.19191919191919193	0.3715151515151515	1.158887869304036	0.0	0.0	0.0	95
1.2100396725572446	1.1934377579838085	0.7252709343091981	0.7158881346724472	0.6753535353535355	0.7193300202933944	16.0	0.0	7.0	0.0	4.0	-0.5501053903244818	0.17737373737373735	0.606060606060606	1.0347474747474745	1.3520358475213754	0.0	0.0	0.0	106
1.456812522224161	1.4218876372101144	0.5745218789132132	0.562756855917045	0.6816161616161616	-0.08206071632232823	23.0	0.0	11.0	0.0	4.0	-1.2666317699306713	1.2301010101010095	1.1616161616161615	1.093131313131313	2.124627760390733	0.0	0.0	0.0	109
1.344073735825258	1.3184101303266593	0.8915730109199798	0.8764500139948201	0.7866666666666667	0.8800863811651017	24.0	0.0	9.0	0.0	4.0	-0.35782869523086436	0.22808080808080808	0.8585858585858586	1.489090909090909	1.7383318039560542	0.0	0.0	0.0	97
1.0448862968084678	1.0367645284728637	0.4373659554153254	0.4337433111368083	0.4014141414141413	0.502675248164888	7.0	0.0	5.0	0.0	1.0	-1.0054890632300946	0.03575757575757576	0.27272727272727276	0.5096969696969698	0.9657398910866968	0.0	0.0	0.0	105
1.2100396725572446	1.1934377579838085	0.3525819262846356	0.3480205887025368	0.40363636363636374	0.40339430921260094	11.0	0.0	7.0	0.0	2.0	-1.4719812212366328	0.022222222222222227	0.26262626262626265	0.5030303030303029	1.3520358475213754	0.0	0.0	0.0	111
1.456812522224161	1.4218876372101144	0.5471283019848066	0.5359242429385574	0.6545454545454548	0.5816870245503083	22.0	0.0	11.0	0.0	3.0	-1.330634300754143	0.0701010101010101	0.5555555555555555	1.0410101010101012	2.124627760390733	0.0	0.0	0.0	106
1.2100396725572446	1.1934377579838085	0.3918048955942115	0.38673613210438534	0.43191919191919215	0.4464456346495761	11.0	0.0	7.0	0.0	3.0	-1.3749600946550726	0.026868686868686868	0.29292929292929293	0.5589898989898989	1.3520358475213754	0.0	0.0	0.0	111
1.2100396725572446	1.1934377579838085	0.33941320373665523	0.33502222936545417	0.38848484848484854	0.38881787619063307	11.0	0.0	7.0	0.0	1.0	-1.5045551012802612	0.02080808080808081	0.25252525252525254	0.4842424242424242	1.3520358475213754	0.0	0.0	0.0	104
1.0448862968084678	1.0367645284728637	0.5410301810746058	0.5365488997455324	0.5262626262626262	0.544671986715748	9.0	0.0	5.0	0.0	2.0	-0.7391299152091668	0.11696969696969696	0.3737373737373737	0.6305050505050505	0.9657398910866968	0.0	0.0	0.0	112
1.1322512091154782	1.119995944426637	0.43858986261557414	0.4338980918526268	0.4311111111111111	0.49902953074860323	9.0	0.0	6.0	0.0	2.0	-1.1423917689746392	0.03636363636363636	0.30303030303030304	0.5696969696969697	1.158887869304036	0.0	0.0	0.0	115
1.456812522224161	1.4218876372101144	0.5067811731755252	0.4964033401020249	0.6430303030303032	-0.5995999832755359	17.0	0.0	11.0	0.0	3.0	-1.4249015942150707	1.9650505050505047	1.4646464646464645	0.9642424242424242	2.124627760390733	0.0	0.0	0.0	110
0.9450083143897742	0.9407041938880998	0.248036720447843	0.24662985607700813	0.24121212121212113	0.30169616722040915	5.0	0.0	4.0	0.0	0.0	-1.331176121490369	0.008686868686868687	0.13131313131313133	0.2539393939393939	0.7725919128693575	0.0	0.0	0.0	102
1.2100396725572446	1.1934377579838085	0.6706136557767206	0.6619379550583192	0.6721212121212121	0.6901771542494589	15.0	0.0	7.0	0.0	3.0	-0.6853045053442725	0.13414141414141417	0.5454545454545454	0.9567676767676768	1.3520358475213754	0.0	0.0	0.0	93
1.5070406700472805	1.4674825756639511	0.8438534281532543	0.82522611164414	0.8450505050505053	0.7851795839139329	25.0	0.0	12.0	0.0	4.0	-0.7064251026394889	0.2987878787878788	0.9999999999999998	1.7012121212121216	2.317775738608072	0.09090909090909091	1.0	0.16666666666666666	118
1.456812522224161	1.4218876372101144	1.0002902645058922	0.9798063832183482	0.9010101010101009	0.7433877870969603	27.0	0.0	11.0	0.0	5.0	-0.27186375209298647	0.6624242424242425	1.2828282828282829	1.9032323232323232	2.124627760390733	0.0	0.0	0.0	99
1.280192013892186	1.2591029260400894	0.40700261402783333	0.4008894695531027	0.4606060606060609	0.4532413236207266	15.0	0.0	8.0	0.0	2.0	-1.4353569756302367	0.03575757575757575	0.33333333333333326	0.630909090909091	1.545183825738715	0.0	0.0	0.0	81
0.9450083143897742	0.9407041938880998	0.4564112445472243	0.453822479798027	0.3963636363636365	0.5283410638472735	7.0	0.0	4.0	0.0	2.0	-0.783633732537609	0.037777777777777785	0.25252525252525254	0.4672727272727273	0.7725919128693575	0.0	0.0	0.0	100
1.5070406700472805	1.4674825756639511	0.8702081902485286	0.8509991157247013	0.7785858585858587	0.13210742639174233	24.0	0.0	12.0	0.0	3.0	-0.6455501300118791	1.5183838383838382	1.6363636363636362	1.7543434343434345	2.317775738608072	0.0	0.0	0.0	105
1.280192013892186	1.2591029260400894	0.9182646232597227	0.9044723671057194	0.7600000000000001	0.8757126999488037	18.0	0.0	8.0	0.0	4.0	-0.191139448622645	0.2735353535353535	0.8484848484848485	1.4234343434343437	1.545183825738715	0.0	0.0	0.0	104
1.5070406700472805	1.4674825756639511	1.2156259276721442	1.1887920627425554	0.9252525252525252	0.4255035428816209	38.0	0.0	12.0	0.0	7.0	0.15230549982603606	1.6907070707070706	2.070707070707071	2.450707070707071	2.317775738608072	0.0	0.0	0.0	113
1.4026911725731355	1.3724055377271644	0.6977623455372511	0.6846601307591347	0.7363636363636366	0.6963967507446981	25.0	0.0	10.0	0.0	5.0	-0.9054738537200341	0.16686868686868686	0.707070707070707	1.2472727272727275	1.9314797821733936	0.0	0.0	0.0	97
1.1322512091154782	1.119995944426637	0.31494484815480056	0.311575757447365	0.3254545454545455	0.3686013579393091	8.0	0.0	6.0	0.0	1.0	-1.4537934586581798	0.01515151515151515	0.21212121212121215	0.40909090909090906	1.158887869304036	0.0	0.0	0.0	123
1.2100396725572446	1.1934377579838085	0.48242836259106575	0.4761872071122664	0.4369696969696971	0.5278024701210254	9.0	0.0	7.0	0.0	2.0	-1.1507957588709627	0.05919191919191919	0.3737373737373737	0.6882828282828284	1.3520358475213754	0.16666666666666666	1.0	0.2857142857142857	101
1.2100396725572446	1.1934377579838085	0.6485241856962374	0.6401342555251481	0.6256565656565657	0.6372952111930169	14.0	0.0	7.0	0.0	2.0	-0.7399445621916494	0.16565656565656567	0.5454545454545454	0.9252525252525252	1.3520358475213754	0.0	0.0	0.0	105
1.5070406700472805	1.4674825756639511	0.8959617030184355	0.8761841425258584	0.8385858585858588	-0.06989930608741125	29.0	0.0	12.0	0.0	5.0	-0.5860639400297659	1.9311111111111108	1.8686868686868687	1.8062626262626265	2.317775738608072	0.0	0.0	0.0	114
1.0448862968084678	1.0367645284728637	0.26834819618823763	0.26612550362258386	0.29212121212121217	0.3205465350616675	6.0	0.0	5.0	0.0	0.0	-1.4397702828294339	0.010505050505050505	0.16161616161616163	0.3127272727272727	0.9657398910866968	0.0	0.0	0.0	106
1.280192013892186	1.2591029260400894	0.7617452062096336	0.750303858321449	0.7743434343434344	0.46001071202510974	16.0	0.0	8.0	0.0	2.0	-0.5720482556417931	0.5767676767676768	0.8787878787878787	1.180808080808081	1.545183825738715	0.0	0.0	0.0	96
1.1322512091154782	1.119995944426637	0.4877368117597306	0.4825192964715736	0.4707070707070709	0.5428836410265108	12.0	0.0	6.0	0.0	3.0	-1.0186144935784145	0.05333333333333332	0.3434343434343434	0.6335353535353535	1.158887869304036	0.0	0.0	0.0	113
1.1322512091154782	1.119995944426637	1.0869874290142723	1.0753594907652515	0.7557575757575757	0.9976810088223969	14.0	0.0	6.0	0.0	4.0	0.49060652573061875	0.34565656565656566	0.8787878787878789	1.411919191919192	1.158887869304036	0.0	0.0	0.0	114
1.2100396725572446	1.1934377579838085	0.6160979764114257	0.6081275427488909	0.5492929292929292	0.6444139342967691	11.0	0.0	7.0	0.0	3.0	-0.8201533635894007	0.1109090909090909	0.4949494949494949	0.8789898989898992	1.3520358475213754	0.0	0.0	0.0	116
0.9450083143897742	0.9407041938880998	0.5505349642398426	0.5474123297174645	0.47878787878787904	0.5417608274633381	8.0	0.0	4.0	0.0	1.0	-0.5363063466186067	0.12323232323232323	0.3434343434343434	0.5636363636363637	0.7725919128693575	0.0	0.0	0.0	100
1.2100396725572446	1.1934377579838085	0.8042832695970803	0.7938782906949434	0.750909090909091	0.4678018039608312	18.0	0.0	7.0	0.0	2.0	-0.354662110062711	0.5898989898989899	0.8686868686868687	1.1474747474747473	1.3520358475213754	0.0	0.0	0.0	101
0.9450083143897742	0.9407041938880998	0.248036720447843	0.24662985607700813	0.24121212121212113	0.30169616722040915	5.0	0.0	4.0	0.0	0.0	-1.331176121490369	0.008686868686868687	0.13131313131313133	0.2539393939393939	0.7725919128693575	0.0	0.0	0.0	105
0.9450083143897742	0.9407041938880998	0.42326075207686814	0.42086001693331937	0.3818181818181817	0.4945431406660743	6.0	0.0	4.0	0.0	1.0	-0.870742748961912	0.031313131313131314	0.23232323232323235	0.4333333333333333	0.7725919128693575	0.0	0.0	0.0	120
1.0448862968084678	1.0367645284728637	0.8669310911740158	0.85975041577296	0.6983838383838384	0.707516483137451	12.0	0.0	5.0	0.0	3.0	0.09825335950545641	0.3432323232323232	0.6767676767676767	1.0103030303030303	0.9657398910866968	0.0	0.0	0.0	79
1.2100396725572446	1.1934377579838085	0.4889419242814646	0.48261650312845783	0.5028282828282828	0.5433958635863864	11.0	0.0	7.0	0.0	2.0	-1.1346839472364798	0.049898989898989894	0.3737373737373737	0.6975757575757576	1.3520358475213754	0.0	0.0	0.0	95
1.4026911725731355	1.3724055377271644	0.6669089084896855	0.654386043344615	0.7228282828282829	-0.37736682566532076	23.0	0.0	10.0	0.0	3.0	-0.9784609043577853	1.7775757575757574	1.484848484848485	1.1921212121212121	1.9314797821733936	0.0	0.0	0.0	96
0.9450083143897742	0.9407041938880998	0.26599323720261925	0.26448452346205803	0.24121212121212135	0.32207432678554393	6.0	0.0	4.0	0.0	1.0	-1.283992070927205	0.010505050505050505	0.1414141414141414	0.2723232323232323	0.7725919128693575	0.0	0.0	0.0	99
1.4026911725731355	1.3724055377271644	1.0016630496431254	0.9828543470874976	0.8816161616161617	0.5242508074977851	24.0	0.0	10.0	0.0	5.0	-0.18656477252988052	0.9771717171717171	1.3838383838383836	1.7905050505050506	1.9314797821733936	0.0	0.0	0.0	102
1.5538594577875808	1.509692160062358	0.5807687189429147	0.5670769117970981	0.711919191919192	-0.3468002452372441	24.0	0.0	13.0	0.0	3.0	-1.3696931370241912	1.8955555555555554	1.5656565656565657	1.2357575757575758	2.5109237168254115	0.0	0.0	0.0	103
1.280192013892186	1.2591029260400894	0.6215163196601783	0.6121811976621027	0.661010101010101	-1.6249609165248173	15.0	0.0	8.0	0.0	3.0	-0.9133120993991648	3.097171717171717	2.0303030303030303	0.9634343434343434	1.545183825738715	0.0	0.0	0.0	126
0.9450083143897742	0.9407041938880998	0.6559061724491887	0.6521858723945705	0.5838383838383838	0.35984847622335453	7.0	0.0	4.0	0.0	1.0	-0.259424115841359	0.378989898989899	0.5252525252525253	0.6715151515151515	0.7725919128693575	0.0	0.0	0.0	112
1.1322512091154782	1.119995944426637	0.4105947650018141	0.4062024689684166	0.4175757575757577	0.4687853167638393	10.0	0.0	6.0	0.0	2.0	-1.2128978119218559	0.03232323232323232	0.2828282828282829	0.5333333333333333	1.158887869304036	0.0	0.0	0.0	111
0.8277465128678779	0.8267906928265433	0.3623609951785899	0.36133196076888247	0.30020202020202025	0.4245409367922625	4.0	0.0	3.0	0.0	0.0	-0.8178135019119481	0.02808080808080808	0.1717171717171717	0.31535353535353533	0.579443934652018	0.0	0.0	0.0	114
1.4026911725731355	1.3724055377271644	0.8615228960204834	0.8453456716515846	0.8337373737373739	0.7482228365331027	24.0	0.0	10.0	0.0	4.0	-0.5180810464888954	0.37919191919191925	0.9595959595959596	1.54	1.9314797821733936	0.1111111111111111	1.0	0.2	106
1.344073735825258	1.3184101303266593	0.8250467382288946	0.8110521700527296	0.773939393939394	0.6685949406416075	21.0	0.0	9.0	0.0	3.0	-0.5173480386999703	0.42	0.8989898989898989	1.377979797979798	1.7383318039560542	0.0	0.0	0.0	122
1.5538594577875808	1.509692160062358	1.0520677087798656	1.0272648781467457	0.8464646464646467	0.8985375612974765	35.0	0.0	13.0	0.0	6.0	-0.29252603513312636	0.5290909090909091	1.383838383838384	2.2385858585858585	2.5109237168254115	0.0	0.0	0.0	117
1.280192013892186	1.2591029260400894	0.6047044921835243	0.595621882397181	0.6484848484848487	0.6277069247700487	17.0	0.0	8.0	0.0	3.0	-0.9542257014853182	0.11313131313131315	0.5252525252525252	0.9373737373737373	1.545183825738715	0.0	0.0	0.0	111
0.9450083143897742	0.9407041938880998	0.4017523968431252	0.3994736570984794	0.378989898989899	0.46521847202356353	5.0	0.0	4.0	0.0	0.0	-0.9272599084276797	0.033131313131313136	0.2222222222222222	0.4113131313131313	0.7725919128693575	0.0	0.0	0.0	93
1.280192013892186	1.2591029260400894	0.46473625412207925	0.4577559553078335	0.5658585858585858	0.5126273218955398	12.0	0.0	8.0	0.0	2.0	-1.294855225830501	0.04727272727272727	0.38383838383838387	0.7204040404040404	1.545183825738715	0.0	0.0	0.0	109
1.1322512091154782	1.119995944426637	0.5342397794625876	0.5285248033736784	0.4474747474747478	0.5992134895731334	15.0	0.0	6.0	0.0	4.0	-0.9014961222383157	0.05353535353535353	0.3737373737373737	0.6939393939393939	1.158887869304036	0.0	0.0	0.0	118
0.9450083143897742	0.9407041938880998	0.36544471461368755	0.36337191205618063	0.30585858585858605	0.42346809632914106	7.0	0.0	4.0	0.0	1.0	-1.022665021654297	0.029898989898989904	0.20202020202020202	0.3741414141414141	0.7725919128693575	0.0	0.0	0.0	96
1.0448862968084678	1.0367645284728637	0.4682225309460141	0.46434430573940505	0.454949494949495	0.5361012237461846	8.0	0.0	5.0	0.0	1.0	-0.9262049021134976	0.040202020202020204	0.29292929292929293	0.5456565656565656	0.9657398910866968	0.0	0.0	0.0	119
1.344073735825258	1.3184101303266593	0.8549230825101638	0.8404217472412685	0.8054545454545456	0.5267546811971839	25.0	0.0	9.0	0.0	5.0	-0.4457093517238444	0.673131313131313	1.0505050505050504	1.427878787878788	1.7383318039560542	0.0	0.0	0.0	104
1.344073735825258	1.3184101303266593	1.3768519309865863	1.3534975592596712	0.9343434343434344	0.5168850806394201	31.0	0.0	9.0	0.0	5.0	0.8057924065837787	1.558989898989899	1.9292929292929293	2.299595959595959	1.7383318039560542	0.0	0.0	0.0	117
1.456812522224161	1.4218876372101144	0.8261605506974151	0.8092424867659451	0.796767676767677	-0.08932272661633935	27.0	0.0	11.0	0.0	3.0	-0.6787015449243584	1.721010101010101	1.6464646464646466	1.5719191919191922	2.124627760390733	0.0	0.0	0.0	101
1.4026911725731355	1.3724055377271644	0.49252483023183347	0.4832764577013781	0.5482828282828283	0.5359702741333537	17.0	0.0	10.0	0.0	4.0	-1.3909847839696883	0.048888888888888885	0.46464646464646464	0.8804040404040404	1.9314797821733936	0.0	0.0	0.0	99
1.4026911725731355	1.3724055377271644	0.8562111321331736	0.840133649276191	0.7941414141414141	0.7490041343088073	21.0	0.0	10.0	0.0	3.0	-0.5306465826792773	0.3684848484848485	0.9494949494949495	1.5305050505050506	1.9314797821733936	0.0	0.0	0.0	98
0.9450083143897742	0.9407041938880998	0.248036720447843	0.24662985607700813	0.2246464646464647	0.30169616722040915	6.0	0.0	4.0	0.0	1.0	-1.331176121490369	0.008686868686868687	0.13131313131313133	0.2539393939393939	0.7725919128693575	0.0	0.0	0.0	84
1.4026911725731355	1.3724055377271644	0.9098938522708793	0.8928083434955933	0.8351515151515154	0.8596879858669586	31.0	0.0	10.0	0.0	4.0	-0.40365446160626756	0.2927272727272727	0.9595959595959597	1.6264646464646466	1.9314797821733936	0.0	0.0	0.0	89
1.0448862968084678	1.0367645284728637	0.4300851904024662	0.42652285173619553	0.39777777777777784	-1.1009145034404064	9.0	0.0	5.0	0.0	2.0	-1.0241965619205278	1.539191919191919	1.02020202020202	0.5012121212121212	0.9657398910866968	0.0	0.0	0.0	119
1.2100396725572446	1.1934377579838085	0.4167263490183465	0.41133517773155265	0.4743434343434344	0.47220863254886847	11.0	0.0	7.0	0.0	1.0	-1.3133149023144424	0.03171717171717172	0.31313131313131315	0.5945454545454546	1.3520358475213754	0.0	0.0	0.0	99
0.8277465128678779	0.8267906928265433	0.5418004886270524	0.5402618811240049	0.4189898989898991	0.5576951265316077	6.0	0.0	3.0	0.0	1.0	-0.33422500904508706	0.09414141414141415	0.2828282828282829	0.4715151515151515	0.579443934652018	0.0	0.0	0.0	136
1.2100396725572446	1.1934377579838085	0.7855921795289794	0.7754290064745682	0.725858585858586	0.7281436774694683	15.0	0.0	7.0	0.0	2.0	-0.4008960043181832	0.25292929292929295	0.686868686868687	1.120808080808081	1.3520358475213754	0.0	0.0	0.0	104
1.0448862968084678	1.0367645284728637	0.40338905202198255	0.40004783393394877	0.41050505050505054	0.46153558591098404	7.0	0.0	5.0	0.0	1.0	-1.092790723785449	0.03494949494949495	0.2525252525252525	0.4701010101010101	0.9657398910866968	0.0	0.0	0.0	113
1.280192013892186	1.2591029260400894	0.49979347575944305	0.4922866204726701	0.5177777777777779	0.5492435591737929	13.0	0.0	8.0	0.0	2.0	-1.2095392648911583	0.05353535353535353	0.41414141414141403	0.7747474747474747	1.545183825738715	0.0	0.0	0.0	113
1.280192013892186	1.2591029260400894	1.0914655435424605	1.075071824369912	0.8709090909090911	0.8384810637246977	26.0	0.0	8.0	0.0	3.0	0.2303658007765617	0.5909090909090909	1.1414141414141414	1.691919191919192	1.545183825738715	0.0	0.0	0.0	102
1.280192013892186	1.2591029260400894	0.7927623762828402	0.7808551531513044	0.6975757575757575	0.8101727122154601	15.0	0.0	8.0	0.0	3.0	-0.49656424559137097	0.16505050505050506	0.696969696969697	1.228888888888889	1.545183825738715	0.0	0.0	0.0	107
1.2100396725572446	1.1934377579838085	0.7565643502565496	0.7467767090111064	0.7379797979797982	0.2349178624238091	16.0	0.0	7.0	0.0	2.0	-0.4726986431240307	0.7993939393939393	0.9393939393939394	1.0793939393939396	1.3520358475213754	0.0	0.0	0.0	122
1.280192013892186	1.2591029260400894	0.3871933289390627	0.38137771823319505	0.3907070707070709	0.4372409510285488	13.0	0.0	8.0	0.0	3.0	-1.4835652509565567	0.026060606060606062	0.31313131313131315	0.6002020202020203	1.545183825738715	0.0	0.0	0.0	119
1.344073735825258	1.3184101303266593	0.7126778158106799	0.700589266375998	0.6701010101010101	0.7027155597127313	19.0	0.0	9.0	0.0	3.0	-0.7867907115777878	0.18343434343434342	0.6868686868686869	1.1903030303030304	1.7383318039560542	0.0	0.0	0.0	86
1.2100396725572446	1.1934377579838085	0.7847425845258837	0.7745904026463691	0.7222222222222223	-0.35864804970330466	14.0	0.0	7.0	0.0	4.0	-0.4029975449661596	1.5470707070707073	1.3333333333333335	1.1195959595959595	1.3520358475213754	0.0	0.0	0.0	113
0.9450083143897742	0.9407041938880998	0.33821395294160933	0.3362956032744566	0.3222222222222223	0.4045810216102358	5.0	0.0	4.0	0.0	0.0	-1.0942188565742599	0.017373737373737375	0.18181818181818182	0.34626262626262627	0.7725919128693575	0.0	0.0	0.0	96
1.344073735825258	1.3184101303266593	0.6378055198183494	0.6269869656484449	0.6252525252525253	0.6550594884481038	18.0	0.0	9.0	0.0	4.0	-0.9663224817730182	0.12666666666666668	0.5959595959595959	1.0652525252525253	1.7383318039560542	0.0	0.0	0.0	104
1.280192013892186	1.2591029260400894	0.8865958319664905	0.873279238350867	0.7842424242424243	0.7240168597960419	21.0	0.0	8.0	0.0	3.0	-0.26820925720353866	0.4236363636363637	0.8989898989898989	1.3743434343434344	1.545183825738715	0.0	0.0	0.0	118
1.5070406700472805	1.4674825756639511	0.808079093293889	0.7902414635195751	0.8236363636363638	0.5121424886145612	33.0	0.0	12.0	0.0	5.0	-0.7890576700465495	0.7143434343434343	1.1717171717171717	1.629090909090909	2.317775738608072	0.0	0.0	0.0	103
0.8277465128678779	0.8267906928265433	0.2876138840655176	0.28679711684346276	0.2393939393939393	0.3516942500290332	4.0	0.0	3.0	0.0	0.0	-1.0192565739729174	0.012323232323232323	0.13131313131313133	0.2503030303030303	0.579443934652018	0.0	0.0	0.0	102
0.9450083143897742	0.9407041938880998	0.47594635618154124	0.47324678827187244	0.3993939393939395	0.5029926214613744	8.0	0.0	4.0	0.0	2.0	-0.7323016335732879	0.07838383838383838	0.28282828282828276	0.48727272727272725	0.7725919128693575	0.0	0.0	0.0	101
1.280192013892186	1.2591029260400894	0.8454133708608883	0.8327153342910588	0.7818181818181819	-0.38862443430616256	17.0	0.0	8.0	0.0	4.0	-0.36843172432930976	1.8208080808080807	1.5656565656565655	1.3105050505050504	1.545183825738715	0.0	0.0	0.0	94
1.2100396725572446	1.1934377579838085	0.478605185077136	0.47241348988537146	0.5264646464646464	0.5355991668537061	10.0	0.0	7.0	0.0	2.0	-1.1602526917868548	0.04444444444444444	0.3636363636363636	0.682828282828283	1.3520358475213754	0.0	0.0	0.0	115
1.1322512091154782	1.119995944426637	0.36969081682170907	0.3657360866431539	0.4018181818181819	0.4260653645103603	9.0	0.0	6.0	0.0	1.0	-1.3159149746725114	0.02484848484848485	0.2525252525252526	0.4802020202020202	1.158887869304036	0.0	0.0	0.0	96
0.9450083143897742	0.9407041938880998	0.3682072556528839	0.36611878396157294	0.3501010101010099	0.43042649227821145	5.0	0.0	4.0	0.0	0.0	-1.0154059369522717	0.02707070707070707	0.20202020202020204	0.37696969696969695	0.7725919128693575	0.0	0.0	0.0	96
1.0448862968084678	1.0367645284728637	0.6013565197525818	0.5963755633506096	0.5303030303030303	-1.0203493315265115	8.0	0.0	5.0	0.0	1.0	-0.584124926059864	1.6628282828282828	1.1818181818181819	0.7008080808080809	0.9657398910866968	0.0	0.0	0.0	119
1.1322512091154782	1.119995944426637	0.575610312602922	0.569452779413678	0.5561616161616162	0.6241649661105636	11.0	0.0	6.0	0.0	3.0	-0.797303858771873	0.08060606060606061	0.41414141414141414	0.7476767676767677	1.158887869304036	0.0	0.0	0.0	122
1.344073735825258	1.3184101303266593	0.4158496827490015	0.4087959772234692	0.5056565656565657	-0.835250195774121	13.0	0.0	9.0	0.0	1.0	-1.4985370186199456	1.891313131313131	1.2929292929292928	0.6945454545454545	1.7383318039560542	0.0	0.0	0.0	107
1.5538594577875808	1.509692160062358	0.690523278220013	0.6742439724538655	0.8123232323232324	0.7057055817044473	26.0	0.0	13.0	0.0	4.0	-1.1188460037070935	0.12666666666666668	0.7979797979797981	1.4692929292929295	2.5109237168254115	0.0	0.0	0.0	80
1.280192013892186	1.2591029260400894	0.7002321630392405	0.6897147358017357	0.7151515151515152	0.6224760337302985	15.0	0.0	8.0	0.0	3.0	-0.7217476369182612	0.2680808080808081	0.6767676767676767	1.0854545454545454	1.545183825738715	0.0	0.0	0.0	120
1.456812522224161	1.4218876372101144	0.9284086692325147	0.9093967747437892	0.9030303030303031	0.5674050709720859	26.0	0.0	11.0	0.0	4.0	-0.439808377548376	0.8193939393939395	1.2929292929292928	1.7664646464646465	2.124627760390733	0.0	0.0	0.0	111
1.456812522224161	1.4218876372101144	0.4543299057234596	0.44502616641453274	0.585050505050505	-0.6465609831768091	16.0	0.0	11.0	0.0	3.0	-1.5474490757142767	1.9436363636363634	1.404040404040404	0.8644444444444446	2.124627760390733	0.0	0.0	0.0	87
1.1322512091154782	1.119995944426637	0.3001696577475383	0.2969586231473651	0.34121212121212124	0.3515889875728795	8.0	0.0	6.0	0.0	1.0	-1.4910049813247663	0.01414141414141414	0.20202020202020202	0.38989898989898986	1.158887869304036	0.0	0.0	0.0	120
1.0448862968084678	1.0367645284728637	0.436325846127774	0.4327118169367207	0.42787878787878797	0.5001040192740188	7.0	0.0	5.0	0.0	1.0	-1.0081615630430139	0.03696969696969697	0.2727272727272727	0.5084848484848484	0.9657398910866968	0.0	0.0	0.0	111
1.2100396725572446	1.1934377579838085	0.7431124293742039	0.7334988150646239	0.734949494949495	0.694244996023031	16.0	0.0	7.0	0.0	4.0	-0.5059730367169849	0.23272727272727275	0.6464646464646465	1.0602020202020201	1.3520358475213754	0.0	0.0	0.0	121
1.2100396725572446	1.1934377579838085	0.6565953382256449	0.6481009918930377	0.5389898989898989	0.707465481787142	13.0	0.0	7.0	0.0	2.0	-0.7199799260358768	0.09353535353535354	0.5151515151515151	0.9367676767676769	1.3520358475213754	0.0	0.0	0.0	113
0.683750117678692	0.6854202331140761	0.22203139664652627	0.22208538324540428	0.15171717171717172	0.27941943158151133	3.0	0.0	2.0	0.0	0.0	-0.9215110608531861	0.0068686868686868695	0.0808080808080808	0.15474747474747474	0.38629595643467873	0.0	0.0	0.0	107
1.344073735825258	1.3184101303266593	0.644821017665773	0.6338834655550655	0.7476767676767677	0.47402281535999247	17.0	0.0	9.0	0.0	2.0	-0.949500441916276	0.3977777777777778	0.7373737373737375	1.0769696969696971	1.7383318039560542	0.0	0.0	0.0	108
1.2100396725572446	1.1934377579838085	0.3276604728605007	0.3234215430753696	0.37454545454545457	0.37763131131330885	11.0	0.0	7.0	0.0	2.0	-1.533626413577263	0.017373737373737375	0.24242424242424243	0.46747474747474743	1.3520358475213754	0.0	0.0	0.0	115
1.1322512091154782	1.119995944426637	0.4710952815115511	0.4660557873126265	0.4836363636363639	0.5213346385623666	11.0	0.0	6.0	0.0	3.0	-1.0605264191081487	0.05474747474747474	0.33333333333333337	0.611919191919192	1.158887869304036	0.0	0.0	0.0	93
1.280192013892186	1.2591029260400894	0.39983478060755445	0.3938292963781361	0.43474747474747477	0.451702826256094	12.0	0.0	8.0	0.0	2.0	-1.4528007594654184	0.02666666666666667	0.3232323232323232	0.6197979797979798	1.545183825738715	0.0	0.0	0.0	116
1.280192013892186	1.2591029260400894	0.5249460548524215	0.5170614099775528	0.6187878787878789	0.5624746365096319	13.0	0.0	8.0	0.0	2.0	-1.1483274416149754	0.07515151515151516	0.4444444444444445	0.8137373737373738	1.545183825738715	0.0	0.0	0.0	103
1.2100396725572446	1.1934377579838085	0.6966679025383161	0.6876551391230848	0.6654545454545455	0.6508546837715915	17.0	0.0	7.0	0.0	3.0	-0.6208572588063411	0.21818181818181817	0.6060606060606062	0.9939393939393939	1.3520358475213754	0.0	0.0	0.0	93
1.0448862968084678	1.0367645284728637	0.6323864468311958	0.627148473653221	0.6056565656565657	0.14913127567040177	9.0	0.0	5.0	0.0	1.0	-0.5043953483077801	0.5963636363636364	0.6666666666666666	0.736969696969697	0.9657398910866968	0.0	0.0	0.0	90
1.4026911725731355	1.3724055377271644	0.7474894968227047	0.7334535317202651	0.7335353535353536	-0.1526134988542978	24.0	0.0	10.0	0.0	5.0	-0.7878390468313516	1.5729292929292928	1.4545454545454546	1.3361616161616163	1.9314797821733936	0.0	0.0	0.0	115
1.1322512091154782	1.119995944426637	0.5751437276426925	0.568991185698941	0.5642424242424242	0.5663229068647027	10.0	0.0	6.0	0.0	1.0	-0.7984789594876601	0.14181818181818187	0.4444444444444444	0.747070707070707	1.158887869304036	0.0	0.0	0.0	115
1.5976643994105224	1.5489258089934743	0.7025578094590205	0.6850010401527706	0.8345454545454546	0.5172458736301172	29.0	0.0	14.0	0.0	5.0	-1.1441525730380044	0.5284848484848486	1.0505050505050504	1.5725252525252527	2.704071695042751	0.0	0.0	0.0	98
1.5070406700472805	1.4674825756639511	0.7366306317960541	0.7203701634836804	0.7696969696969698	0.09071074997104248	23.0	0.0	12.0	0.0	5.0	-0.9540913410864195	1.3230303030303026	1.404040404040404	1.4850505050505054	2.317775738608072	0.0	0.0	0.0	100
1.6387838212406702	1.5855225976238962	0.4971215108369233	0.4840348724412409	0.7436363636363637	0.5163187646970564	25.0	0.0	15.0	0.0	3.0	-1.6527774913778048	0.06525252525252524	0.6161616161616161	1.1670707070707074	2.8972196732600906	0.0	0.0	0.0	94
1.2100396725572446	1.1934377579838085	0.3780697763775008	0.37317870354850335	0.43070707070707076	0.43051325436975074	10.0	0.0	7.0	0.0	2.0	-1.4089350017973519	0.026262626262626265	0.28282828282828276	0.5393939393939393	1.3520358475213754	0.0	0.0	0.0	89
1.2100396725572446	1.1934377579838085	0.6581529290646532	0.6496384322447355	0.647878787878788	0.6942449960230312	13.0	0.0	7.0	0.0	2.0	-0.7161271015145876	0.11151515151515151	0.5252525252525253	0.938989898989899	1.3520358475213754	0.0	0.0	0.0	101
1.5070406700472805	1.4674825756639511	1.0223242695665002	0.9997573674140261	0.9058585858585858	-0.15789551989971828	29.0	0.0	12.0	0.0	5.0	-0.29418812070118716	2.3430303030303037	2.2020202020202015	2.061010101010101	2.317775738608072	0.0	0.0	0.0	106
1.5070406700472805	1.4674825756639511	0.4415174212615173	0.43177131550933134	0.5854545454545453	0.4764010958578914	17.0	0.0	12.0	0.0	2.0	-1.6357521562511024	0.03919191919191919	0.46464646464646464	0.8901010101010101	2.317775738608072	0.09090909090909091	1.0	0.16666666666666666	95
1.280192013892186	1.2591029260400894	0.6572251625175675	0.6473536967519362	0.6672727272727274	0.5517051549572046	14.0	0.0	8.0	0.0	4.0	-0.8264103399293509	0.2943434343434344	0.6565656565656566	1.0187878787878788	1.545183825738715	0.14285714285714285	1.0	0.25	114
1.2100396725572446	1.1934377579838085	0.392654490597307	0.38757473593258424	0.4482828282828284	0.4484795555363623	11.0	0.0	7.0	0.0	2.0	-1.3728585540070968	0.025656565656565655	0.29292929292929293	0.5602020202020201	1.3520358475213754	0.0	0.0	0.0	93
0.9450083143897742	0.9407041938880998	0.2296855549731816	0.22838277841975932	0.22424242424242424	0.28032395109112157	5.0	0.0	4.0	0.0	0.0	-1.3793971841538224	0.007272727272727273	0.12121212121212122	0.23515151515151514	0.7725919128693575	0.0	0.0	0.0	93
1.1322512091154782	1.119995944426637	0.5037562287276044	0.49836734734420507	0.49878787878787906	0.5629204327914169	10.0	0.0	6.0	0.0	2.0	-0.9782693690030626	0.052727272727272734	0.3535353535353535	0.6543434343434343	1.158887869304036	0.0	0.0	0.0	95
1.1322512091154782	1.119995944426637	0.35771513617582285	0.35388851463157506	0.32444444444444465	0.41585794229050266	7.0	0.0	6.0	0.0	1.0	-1.3460758930443764	0.020202020202020204	0.24242424242424243	0.46464646464646464	1.158887869304036	0.2	1.0	0.3333333333333333	104
0.9450083143897742	0.9407041938880998	0.3190734900271775	0.31726370507280993	0.30585858585858583	0.3812206923526422	5.0	0.0	4.0	0.0	0.0	-1.1445139434382918	0.016767676767676768	0.1717171717171717	0.3266666666666666	0.7725919128693575	0.0	0.0	0.0	102
1.2100396725572446	1.1934377579838085	0.5583255162009311	0.5511024824313667	0.5541414141414142	0.6078033583346169	13.0	0.0	7.0	0.0	2.0	-0.9630581276517708	0.07212121212121211	0.43434343434343436	0.7965656565656567	1.3520358475213754	0.0	0.0	0.0	108
1.2100396725572446	1.1934377579838085	0.744103623544482	0.7344771861975227	0.6866666666666666	0.6796685630010634	13.0	0.0	7.0	0.0	1.0	-0.503521239294346	0.2515151515151515	0.6565656565656566	1.0616161616161617	1.3520358475213754	0.0	0.0	0.0	106
1.0448862968084678	1.0367645284728637	0.394201419981946	0.39093630183317557	0.4004040404040403	0.4602499714655495	7.0	0.0	5.0	0.0	1.0	-1.1163978054662336	0.025454545454545452	0.24242424242424243	0.4593939393939394	0.9657398910866968	0.0	0.0	0.0	125
1.456812522224161	1.4218876372101144	0.7269915551503923	0.7121042676887839	0.8151515151515152	0.362374313671166	22.0	0.0	11.0	0.0	4.0	-0.9104006293783228	0.7783838383838385	1.0808080808080809	1.3832323232323236	2.124627760390733	0.0	0.0	0.0	116
1.4026911725731355	1.3724055377271644	0.5385224451708782	0.5284103535904239	0.5551515151515151	0.5768581910618948	13.0	0.0	10.0	0.0	2.0	-1.2821725875976564	0.06767676767676767	0.515151515151515	0.9626262626262629	1.9314797821733936	0.0	0.0	0.0	119
1.0448862968084678	1.0367645284728637	0.26834819618823763	0.26612550362258386	0.2761616161616163	0.3205465350616675	7.0	0.0	5.0	0.0	1.0	-1.4397702828294339	0.010505050505050505	0.16161616161616163	0.3127272727272727	0.9657398910866968	0.0	0.0	0.0	124
1.344073735825258	1.3184101303266593	0.42613101580126017	0.4189029167417924	0.5066666666666667	0.4717669066610752	17.0	0.0	9.0	0.0	2.0	-1.4738840291747197	0.03575757575757575	0.3737373737373737	0.7117171717171717	1.7383318039560542	0.0	0.0	0.0	110
1.4026911725731355	1.3724055377271644	0.5398786402059359	0.5297410827075455	0.575959595959596	0.5799833821647127	23.0	0.0	10.0	0.0	5.0	-1.2789643655916019	0.06525252525252526	0.5151515151515151	0.965050505050505	1.9314797821733936	0.0	0.0	0.0	106
0.8277465128678779	0.8267906928265433	0.22424133333921706	0.22360453177625908	0.18848484848484837	0.27825045927594133	4.0	0.0	3.0	0.0	0.0	-1.1900452655028697	0.006868686868686869	0.10101010101010102	0.19515151515151513	0.579443934652018	0.0	0.0	0.0	121
1.344073735825258	1.3184101303266593	0.8996771205023485	0.8844166604386752	0.7925252525252527	0.8002836109409038	25.0	0.0	9.0	0.0	5.0	-0.33839633884462716	0.355959595959596	0.9292929292929292	1.502626262626263	1.7383318039560542	0.0	0.0	0.0	84
1.1322512091154782	1.119995944426637	0.28601658062058183	0.2829569471336811	0.27676767676767705	0.33608882790568806	8.0	0.0	6.0	0.0	3.0	-1.5266497030369701	0.012323232323232323	0.19191919191919193	0.3715151515151515	1.158887869304036	0.0	0.0	0.0	112
1.1322512091154782	1.119995944426637	0.663017228485884	0.6559246686410455	0.43757575757575773	0.6854094994297106	7.0	0.0	6.0	0.0	1.0	-0.5771683246811186	0.1286868686868687	0.4949494949494949	0.8612121212121213	1.158887869304036	0.2	1.0	0.3333333333333333	102
1.280192013892186	1.2591029260400894	0.6793802839984293	0.6691760502018329	0.6452525252525253	0.6963239072326571	17.0	0.0	8.0	0.0	3.0	-0.7724931898933349	0.1387878787878788	0.5959595959595959	1.0531313131313131	1.545183825738715	0.0	0.0	0.0	115
1.344073735825258	1.3184101303266593	0.5394675930949817	0.5303170617849543	0.6163636363636364	0.5808964899711981	17.0	0.0	9.0	0.0	2.0	-1.2021210749373517	0.06868686868686869	0.4848484848484849	0.901010101010101	1.7383318039560542	0.0	0.0	0.0	105
0.9450083143897742	0.9407041938880998	0.30072232455251613	0.2990166274155612	0.2896969696969698	0.3598484762233547	5.0	0.0	4.0	0.0	0.0	-1.192735006101745	0.015353535353535354	0.1616161616161616	0.30787878787878786	0.7725919128693575	0.0	0.0	0.0	108
0.9450083143897742	0.9407041938880998	0.5961168913865822	0.5927357161564373	0.4424242424242425	0.6814257747268224	8.0	0.0	4.0	0.0	2.0	-0.4165314490351905	0.05636363636363637	0.3333333333333333	0.6103030303030303	0.7725919128693575	0.0	0.0	0.0	110
1.280192013892186	1.2591029260400894	0.7695646608499377	0.7580058654214125	0.7153535353535354	0.693862311449245	18.0	0.0	8.0	0.0	5.0	-0.5530186732761406	0.28181818181818186	0.7373737373737375	1.192929292929293	1.545183825738715	0.0	0.0	0.0	90
1.0448862968084678	1.0367645284728637	0.48989147443666636	0.48583376824122865	0.49535353535353543	0.5253877700342304	7.0	0.0	5.0	0.0	1.0	-0.8705278226776849	0.07555555555555554	0.3232323232323232	0.5709090909090908	0.9657398910866968	0.0	0.0	0.0	129
1.5070406700472805	1.4674825756639511	0.8391436417712089	0.8206202896221384	0.823838383838384	-0.6618944000380769	30.0	0.0	12.0	0.0	6.0	-0.7173039000292141	2.873939393939394	2.282828282828283	1.691717171717172	2.317775738608072	0.0	0.0	0.0	100
1.4026911725731355	1.3724055377271644	0.4735380997410238	0.46464625006167365	0.4939393939393942	0.5182608578840492	19.0	0.0	10.0	0.0	3.0	-1.4358998920544583	0.04242424242424242	0.4444444444444445	0.8464646464646463	1.9314797821733936	0.0	0.0	0.0	108
1.0448862968084678	1.0367645284728637	0.36195803206785543	0.358959981630462	0.3842424242424241	0.42339569069642724	6.0	0.0	5.0	0.0	0.0	-1.1992452996667229	0.022626262626262626	0.22222222222222224	0.4218181818181818	0.9657398910866968	0.0	0.0	0.0	114
1.1322512091154782	1.119995944426637	0.48213779223697867	0.47698017189473163	0.45717171717171734	0.5292737447333672	11.0	0.0	6.0	0.0	3.0	-1.0327157021678577	0.0606060606060606	0.3434343434343434	0.6262626262626263	1.158887869304036	0.0	0.0	0.0	84
0.9450083143897742	0.9407041938880998	0.4690400035835504	0.4663796085083917	0.4280808080808082	0.5104480456925211	6.0	0.0	4.0	0.0	1.0	-0.750449345328351	0.06525252525252526	0.2727272727272727	0.4802020202020202	0.7725919128693575	0.0	0.0	0.0	83
1.2100396725572446	1.1934377579838085	0.861064535637297	0.8499249798795692	0.7258585858585859	0.8579756274093228	18.0	0.0	7.0	0.0	4.0	-0.21420914342297903	0.20585858585858588	0.7171717171717171	1.2284848484848487	1.3520358475213754	0.0	0.0	0.0	95
0.9450083143897742	0.9407041938880998	0.7299028074276622	0.7257627984318641	0.5749494949494949	0.7201939807287858	8.0	0.0	4.0	0.0	2.0	-0.0649843470371118	0.1618181818181818	0.4545454545454546	0.7472727272727273	0.7725919128693575	0.0	0.0	0.0	104
1.2100396725572446	1.1934377579838085	0.40440722147346164	0.39917542222266883	0.44888888888888895	0.45966612041368665	10.0	0.0	7.0	0.0	1.0	-1.3437872417100947	0.029090909090909094	0.3030303030303031	0.576969696969697	1.3520358475213754	0.0	0.0	0.0	107
1.2100396725572446	1.1934377579838085	0.750617185234881	0.7409064822137141	0.611919191919192	0.7630593193592987	12.0	0.0	7.0	0.0	4.0	-0.487409427659863	0.1614141414141414	0.6161616161616161	1.070909090909091	1.3520358475213754	0.0	0.0	0.0	97
1.5070406700472805	1.4674825756639511	0.8103838823744646	0.792495376423959	0.7474747474747476	0.7774883981308516	28.0	0.0	12.0	0.0	6.0	-0.7837340032388114	0.24505050505050505	0.9393939393939393	1.633737373737374	2.317775738608072	0.0	0.0	0.0	120
1.5070406700472805	1.4674825756639511	0.5937337088003836	0.5806275634118903	0.7797979797979798	0.6051153520512155	19.0	0.0	12.0	0.0	3.0	-1.2841586831661607	0.11616161616161615	0.6565656565656566	1.196969696969697	2.317775738608072	0.0	0.0	0.0	103
1.5538594577875808	1.509692160062358	0.4551586134726718	0.4444281044883584	0.6335353535353535	-0.4684882676015682	19.0	0.0	13.0	0.0	3.0	-1.6567785672824262	1.8597979797979796	1.4141414141414144	0.9684848484848485	2.5109237168254115	0.0	0.0	0.0	113
0.683750117678692	0.6854202331140761	0.6278329048777753	0.6279855615007124	0.4131313131313133	0.584795859539447	4.0	0.0	2.0	0.0	1.0	0.2040821153545375	0.1280808080808081	0.2828282828282829	0.43757575757575756	0.38629595643467873	0.0	0.0	0.0	94
1.2100396725572446	1.1934377579838085	0.9429088542688309	0.9307104819960615	0.7583838383838384	0.3420376957945502	16.0	0.0	7.0	0.0	4.0	-0.011760727667955193	0.9375757575757576	1.1414141414141414	1.3452525252525254	1.3520358475213754	0.0	0.0	0.0	103
1.280192013892186	1.2591029260400894	0.4668214420261604	0.45980982386782376	0.5284848484848486	0.5175505134623637	14.0	0.0	8.0	0.0	3.0	-1.2897806705329937	0.04404040404040404	0.38383838383838387	0.7236363636363636	1.545183825738715	0.0	0.0	0.0	96
0.8277465128678779	0.8267906928265433	0.20265288199289494	0.2020773874127062	0.17090909090909082	0.2525749877118524	4.0	0.0	3.0	0.0	0.0	-1.2482260285515345	0.005454545454545455	0.09090909090909091	0.17636363636363636	0.579443934652018	0.0	0.0	0.0	107
1.344073735825258	1.3184101303266593	0.6059938657860668	0.5957149057270451	0.6189898989898991	0.6513936368123633	18.0	0.0	9.0	0.0	4.0	-1.0426017314682454	0.07878787878787878	0.5454545454545454	1.0121212121212122	1.7383318039560542	0.0	0.0	0.0	111
1.344073735825258	1.3184101303266593	0.5157600486450676	0.5070116483074092	0.6224242424242424	0.5538255855841909	11.0	0.0	9.0	0.0	1.0	-1.2589679682463422	0.06787878787878787	0.46464646464646464	0.8614141414141414	1.7383318039560542	0.0	0.0	0.0	121
1.0448862968084678	1.0367645284728637	0.5689397802905659	0.5642273274478814	0.43070707070707087	-1.07905905786802	9.0	0.0	5.0	0.0	2.0	-0.6674178368958399	1.6804040404040401	1.1717171717171717	0.6630303030303031	0.9657398910866968	0.0	0.0	0.0	99
1.2100396725572446	1.1934377579838085	0.3789193713805963	0.37401730737670225	0.4739393939393938	0.4325471752565369	8.0	0.0	7.0	0.0	0.0	-1.4068334611493758	0.02505050505050505	0.2828282828282828	0.5406060606060605	1.3520358475213754	0.0	0.0	0.0	103
