1.344073735825258	1.3184101303266593	0.4747556732954716	0.4667027954049206	0.4866666666666668	0.5005297425722706	13.0	0.0	9.0	0.0	2.0	-1.3572898908573001	0.07575757575757575	0.4343434343434343	0.792929292929293	1.7383318039560542	0.0	0.0	0.0	221
1.0448862968084678	1.0367645284728637	1.3523154253646266	1.3411143758138093	0.5921212121212122	0.7503702979852668	10.0	0.0	5.0	0.0	3.0	1.3454199388676609	0.8684848484848485	1.2222222222222223	1.5759595959595958	0.9657398910866968	0.0	0.0	0.0	218
1.456812522224161	1.4218876372101144	0.847608234959191	0.8302509666948388	0.8268686868686871	0.6857758387644708	29.0	0.0	11.0	0.0	4.0	-0.6285910362951284	0.46808080808080815	1.0404040404040404	1.612727272727273	2.124627760390733	0.0	0.0	0.0	194
1.1322512091154782	1.119995944426637	0.5465265167486268	0.5406801045284152	0.5864646464646465	0.4967612146997462	9.0	0.0	6.0	0.0	1.0	-0.8705518033892591	0.17898989898989903	0.4444444444444444	0.70989898989899	1.158887869304036	0.0	0.0	0.0	203
1.2100396725572446	1.1934377579838085	0.4393822157675599	0.43369794648352283	0.5131313131313132	0.4925478414167305	10.0	0.0	7.0	0.0	1.0	-1.2572738183684151	0.039797979797979804	0.3333333333333333	0.6268686868686868	1.3520358475213754	0.0	0.0	0.0	178
1.344073735825258	1.3184101303266593	0.35029106493342305	0.3443493746478089	0.40585858585858603	0.3936560679610645	13.0	0.0	9.0	0.0	2.0	-1.6557360807295007	0.02101010101010101	0.303030303030303	0.585050505050505	1.7383318039560542	0.0	0.0	0.0	240
1.1322512091154782	1.119995944426637	0.4602082991061999	0.4552852673021002	0.5096969696969696	0.49487095132569814	8.0	0.0	6.0	0.0	1.0	-1.0879454358098442	0.06888888888888889	0.3333333333333333	0.5977777777777777	1.158887869304036	0.0	0.0	0.0	201
1.280192013892186	1.2591029260400894	0.9194375414557682	0.9056276681707139	0.6672727272727275	0.12461828653523023	16.0	0.0	8.0	0.0	4.0	-0.18828501126779726	1.2616161616161614	1.3434343434343436	1.4252525252525254	1.545183825738715	0.0	0.0	0.0	209
0.9450083143897742	0.9407041938880998	0.3545918748168448	0.35258062957071096	0.32202020202020226	0.42098295491875887	6.0	0.0	4.0	0.0	1.0	-1.051182854412253	0.02080808080808081	0.19191919191919193	0.36303030303030304	0.7725919128693575	0.0	0.0	0.0	184
1.2100396725572446	1.1934377579838085	0.43796622409573405	0.43230027343652466	0.4600000000000004	0.4891579732720868	12.0	0.0	7.0	0.0	2.0	-1.2607763861150418	0.04181818181818182	0.3333333333333333	0.6248484848484848	1.3520358475213754	0.0	0.0	0.0	204
0.9450083143897742	0.9407041938880998	0.3522239824975336	0.35022616793751754	0.3357575757575756	0.41501861553384134	5.0	0.0	4.0	0.0	0.0	-1.0574049270139891	0.023232323232323236	0.19191919191919193	0.3606060606060606	0.7725919128693575	0.0	0.0	0.0	200
1.344073735825258	1.3184101303266593	0.5093493350948359	0.5007096742548078	0.5565656565656565	0.5529796198220973	16.0	0.0	9.0	0.0	2.0	-1.274339832253365	0.05838383838383837	0.4545454545454545	0.8507070707070709	1.7383318039560542	0.0	0.0	0.0	201
1.5976643994105224	1.5489258089934743	1.0606962200362804	1.0341896484937512	0.7981818181818183	0.7110129036896962	28.0	0.0	14.0	0.0	6.0	-0.33360590925155836	0.9389898989898992	1.6565656565656566	2.374141414141414	2.704071695042751	0.07692307692307693	1.0	0.14285714285714285	197
1.4026911725731355	1.3724055377271644	0.7833156489988155	0.7686069592308976	0.7646464646464647	0.6721765196978553	20.0	0.0	10.0	0.0	4.0	-0.7030885155047327	0.3573737373737374	0.8787878787878787	1.4002020202020202	1.9314797821733936	0.0	0.0	0.0	237
1.6387838212406702	1.5855225976238962	0.694008133096726	0.6757384881839376	0.8353535353535356	0.6087146419145715	28.0	0.0	15.0	0.0	4.0	-1.211225636692076	0.3303030303030303	0.9797979797979799	1.6292929292929297	2.8972196732600906	0.0	0.0	0.0	222
1.344073735825258	1.3184101303266593	0.49906800204257734	0.4906027347364848	0.4654545454545457	0.5431100192643343	16.0	0.0	9.0	0.0	5.0	-1.2989928216985902	0.05535353535353535	0.4444444444444444	0.8335353535353538	1.7383318039560542	0.0	0.0	0.0	219
1.4026911725731355	1.3724055377271644	0.450030719133355	0.44158027869823036	0.4905050505050509	0.49013413795868416	14.0	0.0	10.0	0.0	2.0	-1.4915090734927443	0.04404040404040404	0.4242424242424242	0.8044444444444445	1.9314797821733936	0.1111111111111111	1.0	0.2	219
1.7813566580156999	1.7106297250510871	0.8359971953079575	0.8100887368860574	0.8886868686868686	0.43471227830020087	33.0	0.0	19.0	0.0	4.0	-1.0561201526405306	1.1939393939393934	1.7575757575757576	2.3212121212121204	3.669811586129448	0.1111111111111111	2.0	0.21052631578947367	186
0.9450083143897742	0.9407041938880998	0.44930756758929086	0.4467590948984468	0.36626262626262635	0.5104480456925211	8.0	0.0	4.0	0.0	2.0	-0.8022999503428168	0.04505050505050505	0.25252525252525254	0.46	0.7725919128693575	0.0	0.0	0.0	201
1.344073735825258	1.3184101303266593	0.3280350027967691	0.32247082321990944	0.3581818181818181	0.369969026622433	10.0	0.0	9.0	0.0	1.0	-1.7091025519991654	0.017777777777777778	0.2828282828282829	0.5478787878787879	1.7383318039560542	0.25	2.0	0.4444444444444444	195
1.456812522224161	1.4218876372101144	1.0555021249817509	1.0338876186788666	0.7610101010101011	0.6029889214127416	20.0	0.0	11.0	0.0	4.0	-0.14286640314645346	1.0018181818181817	1.505050505050505	2.0082828282828284	2.124627760390733	0.0	0.0	0.0	240
1.5976643994105224	1.5489258089934743	0.5508363709054989	0.5370710878792858	0.6260606060606062	0.5710922900413024	28.0	0.0	14.0	0.0	5.0	-1.4875318426511634	0.0802020202020202	0.6565656565656565	1.2329292929292934	2.704071695042751	0.0	0.0	0.0	217
1.6387838212406702	1.5855225976238962	0.8167180646275297	0.7952181018417547	0.8133333333333336	0.40536797771045086	28.0	0.0	15.0	0.0	5.0	-0.9360276713153933	1.0523232323232319	1.4848484848484844	1.9173737373737378	2.8972196732600906	0.0	0.0	0.0	203
1.456812522224161	1.4218876372101144	0.6928026723172644	0.6786155026536169	0.6638383838383839	0.6959426531760871	21.0	0.0	11.0	0.0	3.0	-0.9902797569952141	0.1565656565656566	0.7373737373737372	1.3181818181818186	2.124627760390733	0.1	1.0	0.18181818181818182	215
1.4026911725731355	1.3724055377271644	1.0435920794769966	1.0239960556251781	0.7800000000000001	0.8161957430194027	25.0	0.0	10.0	0.0	4.0	-0.08737724217601381	0.5991919191919192	1.2323232323232325	1.8654545454545457	1.9314797821733936	0.0	0.0	0.0	222
1.4026911725731355	1.3724055377271644	0.4991927891542011	0.4898192091938933	0.6068686868686869	0.5383141674604675	15.0	0.0	10.0	0.0	2.0	-1.3752110257732513	0.05717171717171718	0.47474747474747475	0.8923232323232323	1.9314797821733936	0.0	0.0	0.0	207
1.5538594577875808	1.509692160062358	0.6171320374577319	0.6025829535198852	0.675959595959596	0.6371100647346802	23.0	0.0	13.0	0.0	4.0	-1.2865837494286474	0.10101010101010101	0.7070707070707071	1.3131313131313134	2.5109237168254115	0.0	0.0	0.0	192
1.456812522224161	1.4218876372101144	0.5613559737228162	0.5498605613072293	0.5632323232323233	0.5899173028835207	15.0	0.0	11.0	0.0	2.0	-1.2973926762179213	0.08343434343434342	0.5757575757575758	1.068080808080808	2.124627760390733	0.2	2.0	0.36363636363636365	160
1.0448862968084678	1.0367645284728637	0.7074476670828151	0.701587971759538	0.5553535353535355	0.6989457201678874	9.0	0.0	5.0	0.0	3.0	-0.3115299451421251	0.16545454545454547	0.49494949494949503	0.8244444444444444	0.9657398910866968	0.0	0.0	0.0	234
1.6387838212406702	1.5855225976238962	1.0710873196100368	1.042891129872966	0.9105050505050506	0.8325095740274866	39.0	0.0	15.0	0.0	5.0	-0.3655612017126774	0.7379797979797981	1.6262626262626263	2.5145454545454546	2.8972196732600906	0.0	0.0	0.0	221
1.0448862968084678	1.0367645284728637	0.47498324131509767	0.4710490180399741	0.41292929292929303	0.5313873041129248	9.0	0.0	5.0	0.0	2.0	-0.9088336533295238	0.05252525252525252	0.3030303030303031	0.5535353535353535	0.9657398910866968	0.0	0.0	0.0	181
1.344073735825258	1.3184101303266593	0.9287067667675493	0.9129539014315874	0.8458585858585861	0.6423700020166944	24.0	0.0	9.0	0.0	4.0	-0.26878789805810827	0.6307070707070707	1.0909090909090908	1.5511111111111113	1.7383318039560542	0.0	0.0	0.0	216
1.456812522224161	1.4218876372101144	0.8873183038399047	0.8691478552760575	0.8765656565656567	0.4616217876893208	22.0	0.0	11.0	0.0	3.0	-0.5358121737835836	0.9177777777777779	1.3030303030303032	1.6882828282828286	2.124627760390733	0.0	0.0	0.0	206
1.5070406700472805	1.4674825756639511	0.9576899670894965	0.9365498098780483	0.8844444444444445	0.5671118458289338	30.0	0.0	12.0	0.0	3.0	-0.44348225509209366	0.9177777777777779	1.4242424242424243	1.930707070707071	2.317775738608072	0.0	0.0	0.0	183
1.1322512091154782	1.119995944426637	0.6149589775822624	0.6083805160231511	0.512929292929293	0.6631043916159468	10.0	0.0	6.0	0.0	2.0	-0.6982036984071742	0.09010101010101011	0.4444444444444445	0.7987878787878787	1.158887869304036	0.0	0.0	0.0	186
1.456812522224161	1.4218876372101144	0.3594079763668873	0.3520480423727958	0.43696969696969734	0.395779561023618	16.0	0.0	11.0	0.0	3.0	-1.7692252871723542	0.023232323232323236	0.3535353535353535	0.6838383838383839	2.124627760390733	0.1	1.0	0.18181818181818182	213
1.4026911725731355	1.3724055377271644	0.45342120672099945	0.4449071014910346	0.5214141414141414	0.4979471157157298	16.0	0.0	10.0	0.0	2.0	-1.4834885184776072	0.037979797979797975	0.42424242424242425	0.8105050505050504	1.9314797821733936	0.0	0.0	0.0	215
1.1322512091154782	1.119995944426637	0.6958337040220137	0.688390093244203	0.6440404040404041	0.6706654451121381	10.0	0.0	6.0	0.0	1.0	-0.4945195743374369	0.18707070707070708	0.5454545454545454	0.9038383838383839	1.158887869304036	0.0	0.0	0.0	218
1.344073735825258	1.3184101303266593	0.7164274784532684	0.704275326670916	0.7579797979797981	0.4435680479246097	18.0	0.0	9.0	0.0	3.0	-0.7777996213095288	0.5610101010101011	0.8787878787878787	1.1965656565656568	1.7383318039560542	0.0	0.0	0.0	230
1.0448862968084678	1.0367645284728637	0.9265640236602911	0.9188894165779788	0.6664646464646464	0.7692259765183072	13.0	0.0	5.0	0.0	3.0	0.2514766821128135	0.35454545454545455	0.7171717171717171	1.07979797979798	0.9657398910866968	0.0	0.0	0.0	188
1.4026911725731355	1.3724055377271644	1.318899671593735	1.294134066400891	0.827878787878788	0.38283591009525253	20.0	0.0	10.0	0.0	3.0	0.563891825053147	1.7636363636363632	2.0606060606060606	2.3575757575757574	1.9314797821733936	0.0	0.0	0.0	202
1.280192013892186	1.2591029260400894	0.9228259717998999	0.908965204580698	0.775959595959596	0.47108789305046295	17.0	0.0	8.0	0.0	5.0	-0.18003885890934804	0.811919191919192	1.1212121212121213	1.4305050505050505	1.545183825738715	0.0	0.0	0.0	194
1.0448862968084678	1.0367645284728637	0.6472946799527645	0.6419332238544756	0.471919191919192	0.7002313346133221	12.0	0.0	5.0	0.0	2.0	-0.46608951765594125	0.09414141414141416	0.4242424242424242	0.7543434343434343	0.9657398910866968	0.0	0.0	0.0	198
1.5976643994105224	1.5489258089934743	0.6686213068438366	0.6519126034752988	0.7733333333333335	0.5420672700427079	30.0	0.0	14.0	0.0	3.0	-1.2209584060984136	0.4024242424242425	0.9494949494949496	1.4965656565656569	2.704071695042751	0.0	0.0	0.0	206
1.280192013892186	1.2591029260400894	0.4333281113168574	0.4268195601229799	0.5038383838383839	0.4846266698592289	13.0	0.0	8.0	0.0	2.0	-1.3712907149992062	0.03535353535353535	0.3535353535353535	0.6717171717171717	1.545183825738715	0.0	0.0	0.0	192
0.9450083143897742	0.9407041938880998	0.3885316647269713	0.3863279129798163	0.33777777777777773	0.45676899122826375	7.0	0.0	4.0	0.0	1.0	-0.9619998137873718	0.026464646464646465	0.21212121212121213	0.3977777777777778	0.7725919128693575	0.0	0.0	0.0	201
1.0448862968084678	1.0367645284728637	0.45851484426220196	0.45471702653858814	0.39979797979798	0.5121030874314075	9.0	0.0	5.0	0.0	2.0	-0.9511482337007415	0.05151515151515151	0.29292929292929293	0.5343434343434343	0.9657398910866968	0.0	0.0	0.0	200
1.1322512091154782	1.119995944426637	0.5025120021669929	0.4971364307715735	0.4333333333333334	0.5598960113929403	10.0	0.0	6.0	0.0	2.0	-0.9814029709118278	0.05434343434343434	0.3535353535353536	0.6527272727272727	1.158887869304036	0.0	0.0	0.0	220
1.2100396725572446	1.1934377579838085	0.8122128229593053	0.8017052597581332	0.6436363636363638	0.7579745171423329	19.0	0.0	7.0	0.0	3.0	-0.3350477306816009	0.25535353535353533	0.7070707070707072	1.158787878787879	1.3520358475213754	0.0	0.0	0.0	228
1.280192013892186	1.2591029260400894	0.5722537554262621	0.5636585529323325	0.5535353535353535	0.5972446769503263	16.0	0.0	8.0	0.0	4.0	-1.0331984683027764	0.10282828282828282	0.4949494949494949	0.8870707070707073	1.545183825738715	0.0	0.0	0.0	227
0.8277465128678779	0.8267906928265433	0.5462110324504946	0.5446598998649458	0.4456565656565656	0.5391849028458692	4.0	0.0	3.0	0.0	0.0	-0.32233861659428464	0.1105050505050505	0.29292929292929293	0.4753535353535353	0.579443934652018	0.0	0.0	0.0	217
1.280192013892186	1.2591029260400894	0.41013039588395495	0.403970272393088	0.48989898989899006	0.4606261109709624	12.0	0.0	8.0	0.0	2.0	-1.4277451426839758	0.03090909090909091	0.33333333333333326	0.6357575757575757	1.545183825738715	0.0	0.0	0.0	196
1.280192013892186	1.2591029260400894	0.44179918717718697	0.4351634011479405	0.5272727272727272	0.48924216195312636	11.0	0.0	8.0	0.0	2.0	-1.3506753341030822	0.04242424242424242	0.36363636363636365	0.6848484848484849	1.545183825738715	0.0	0.0	0.0	177
1.7813566580156999	1.7106297250510871	0.8542596231602028	0.8277851923219496	0.8434343434343435	0.26347615147155534	30.0	0.0	19.0	0.0	5.0	-1.016410245697635	1.6886868686868681	2.0303030303030303	2.3719191919191913	3.669811586129448	0.16666666666666666	3.0	0.3157894736842105	200
1.5538594577875808	1.509692160062358	0.5141184588974798	0.5019979528169506	0.6133333333333333	0.5447291053481516	23.0	0.0	13.0	0.0	2.0	-1.5220241816510094	0.05757575757575757	0.5757575757575758	1.0939393939393942	2.5109237168254115	0.0	0.0	0.0	207
1.456812522224161	1.4218876372101144	0.42534367897363384	0.41663351779776076	0.5197979797979799	0.46137972067952043	15.0	0.0	11.0	0.0	1.0	-1.6151726839112064	0.039191919191919194	0.4242424242424242	0.8092929292929294	2.124627760390733	0.1	1.0	0.18181818181818182	196
1.4026911725731355	1.3724055377271644	0.43262621618344616	0.4245025883618346	0.5206060606060607	0.47607077799600117	15.0	0.0	10.0	0.0	2.0	-1.5326812559037837	0.03474747474747475	0.404040404040404	0.7733333333333332	1.9314797821733936	0.0	0.0	0.0	218
1.280192013892186	1.2591029260400894	0.6895455750308247	0.6791886594317854	0.6993939393939393	0.6895545188282739	15.0	0.0	8.0	0.0	2.0	-0.7477547328179867	0.16343434343434343	0.6161616161616162	1.0688888888888888	1.545183825738715	0.0	0.0	0.0	214
1.344073735825258	1.3184101303266593	0.7113472903568582	0.6992813094971563	0.7244444444444446	0.6855142558834872	21.0	0.0	9.0	0.0	3.0	-0.7899810984471697	0.20585858585858588	0.6969696969696969	1.1880808080808083	1.7383318039560542	0.0	0.0	0.0	232
1.677493858525589	1.619766930936421	0.5809587458827221	0.5649318629036709	0.7096969696969696	0.5771812275745526	19.0	0.0	16.0	0.0	1.0	-1.5061033258081766	0.1286868686868687	0.7777777777777777	1.426868686868687	3.09036765147743	0.06666666666666667	1.0	0.125	184
1.5976643994105224	1.5489258089934743	0.5606743463976664	0.5466632144692976	0.5498989898989899	0.5829024705924541	24.0	0.0	14.0	0.0	5.0	-1.4652663218969493	0.07838383838383838	0.6666666666666666	1.2549494949494953	2.704071695042751	0.0	0.0	0.0	213
1.344073735825258	1.3184101303266593	0.7808974845339018	0.7676517827093421	0.7428282828282831	0.6361662530946717	20.0	0.0	9.0	0.0	3.0	-0.6232108757294679	0.39272727272727276	0.8484848484848485	1.3042424242424244	1.7383318039560542	0.0	0.0	0.0	211
1.5538594577875808	1.509692160062358	0.776636933292961	0.7583274707373325	0.7236363636363639	0.7390476750922288	30.0	0.0	13.0	0.0	7.0	-0.9220308221166029	0.24646464646464647	0.9494949494949496	1.6525252525252527	2.5109237168254115	0.0	0.0	0.0	193
1.4026911725731355	1.3724055377271644	0.49275086273767643	0.48349824588756507	0.5608080808080808	0.5364911393171568	17.0	0.0	10.0	0.0	3.0	-1.3904500803020128	0.04848484848484847	0.46464646464646464	0.8808080808080808	1.9314797821733936	0.0	0.0	0.0	214
1.4026911725731355	1.3724055377271644	0.7305370588844818	0.7168194177562434	0.752929292929293	0.7198356840158356	20.0	0.0	10.0	0.0	3.0	-0.8279418219070388	0.1890909090909091	0.7474747474747476	1.305858585858586	1.9314797821733936	0.0	0.0	0.0	234
1.344073735825258	1.3184101303266593	0.7261040272083352	0.71378774033522	0.6539393939393942	0.7481157222784414	23.0	0.0	9.0	0.0	5.0	-0.7545968077140226	0.1408080808080808	0.6767676767676768	1.2127272727272729	1.7383318039560542	0.0	0.0	0.0	217
1.6387838212406702	1.5855225976238962	0.9147311165304645	0.8906509769863924	0.8925252525252525	0.46008602794787185	38.0	0.0	15.0	0.0	5.0	-0.716216673724902	1.1656565656565654	1.6565656565656564	2.1474747474747473	2.8972196732600906	0.0	0.0	0.0	177
1.5070406700472805	1.4674825756639511	0.7678955967151629	0.7509449820127115	0.8230303030303031	0.09342528612977666	21.0	0.0	12.0	0.0	4.0	-0.8818746435205855	1.381212121212121	1.4646464646464648	1.5480808080808084	2.317775738608072	0.0	0.0	0.0	192
1.456812522224161	1.4218876372101144	0.6899359026387102	0.6758074385047053	0.7064646464646466	0.6773034934214577	25.0	0.0	11.0	0.0	4.0	-0.996977696267438	0.18222222222222226	0.7474747474747474	1.312727272727273	2.124627760390733	0.0	0.0	0.0	199
1.456812522224161	1.4218876372101144	1.1005210266005276	1.0779846260543657	0.7921212121212123	0.9234856423884413	25.0	0.0	11.0	0.0	3.0	-0.03768394939005031	0.5525252525252525	1.3232323232323233	2.0939393939393938	2.124627760390733	0.0	0.0	0.0	229
1.1322512091154782	1.119995944426637	0.5995616738946946	0.5931479234368358	0.5931313131313131	0.41774820566455106	8.0	0.0	6.0	0.0	2.0	-0.7369820220281428	0.3323232323232324	0.5555555555555555	0.778787878787879	1.158887869304036	0.2	1.0	0.3333333333333333	206
1.280192013892186	1.2591029260400894	0.3758551197106216	0.3702098079382478	0.37454545454545457	0.42585607053026836	11.0	0.0	8.0	0.0	1.0	-1.5111581453867533	0.023434343434343436	0.30303030303030304	0.5826262626262626	1.545183825738715	0.0	0.0	0.0	195
1.5538594577875808	1.509692160062358	0.8824988135645566	0.8616936235334359	0.8109090909090911	0.5404817049165871	30.0	0.0	13.0	0.0	5.0	-0.68008051619224	0.8494949494949496	1.3636363636363635	1.877777777777778	2.5109237168254115	0.0	0.0	0.0	233
1.456812522224161	1.4218876372101144	0.5932089701511963	0.581061274072913	0.6795959595959596	0.614124003863559	17.0	0.0	11.0	0.0	2.0	-1.2229711287487675	0.10363636363636364	0.6161616161616161	1.128686868686869	2.124627760390733	0.0	0.0	0.0	222
1.677493858525589	1.619766930936421	0.8523963589951367	0.8288813387046217	0.8488888888888891	0.7568205763372517	35.0	0.0	16.0	0.0	5.0	-0.9025148023201104	0.39131313131313145	1.2424242424242427	2.093535353535354	3.09036765147743	0.0	0.0	0.0	174
1.0448862968084678	1.0367645284728637	0.4576480865225759	0.4538574480385152	0.4406060606060608	0.4885334892651085	8.0	0.0	5.0	0.0	2.0	-0.9533753168781741	0.07272727272727272	0.303030303030303	0.5333333333333333	0.9657398910866968	0.0	0.0	0.0	214
1.1322512091154782	1.119995944426637	0.28601658062058183	0.2829569471336811	0.30929292929292934	0.33608882790568795	8.0	0.0	6.0	0.0	1.0	-1.5266497030369703	0.012323232323232323	0.19191919191919193	0.37151515151515146	1.158887869304036	0.0	0.0	0.0	217
1.5070406700472805	1.4674825756639511	0.4321980567183214	0.42265766767856244	0.5343434343434343	0.46667400795575964	17.0	0.0	12.0	0.0	2.0	-1.6572782872563028	0.03777777777777778	0.4545454545454546	0.8713131313131313	2.317775738608072	0.09090909090909091	1.0	0.16666666666666666	190
1.0448862968084678	1.0367645284728637	0.523695026282084	0.5193573297440737	0.5064646464646466	0.5875258015635647	8.0	0.0	5.0	0.0	2.0	-0.7836715787578168	0.05636363636363636	0.3333333333333333	0.6103030303030303	0.9657398910866968	0.0	0.0	0.0	207
1.280192013892186	1.2591029260400894	0.922434999067885	0.9085801042257	0.7232323232323232	0.7317093466192046	14.0	0.0	8.0	0.0	3.0	-0.18099033802763018	0.4690909090909091	0.9494949494949494	1.4298989898989902	1.545183825738715	0.0	0.0	0.0	176
1.2100396725572446	1.1934377579838085	0.7480684002255944	0.7383906707291175	0.6793939393939394	0.6213628309131916	11.0	0.0	7.0	0.0	2.0	-0.4937140496037911	0.32666666666666666	0.696969696969697	1.0672727272727274	1.3520358475213754	0.0	0.0	0.0	227
1.4026911725731355	1.3724055377271644	0.84603966937024	0.8301531808977781	0.8024242424242425	0.5953489050869032	20.0	0.0	10.0	0.0	3.0	-0.5547082477246895	0.5886868686868687	1.0505050505050506	1.5123232323232325	1.9314797821733936	0.0	0.0	0.0	213
1.456812522224161	1.4218876372101144	1.0102708700534513	0.9895826065515958	0.8286868686868689	0.6935219830780827	31.0	0.0	11.0	0.0	4.0	-0.24854500055265155	0.7646464646464648	1.3434343434343434	1.9222222222222223	2.124627760390733	0.0	0.0	0.0	190
1.456812522224161	1.4218876372101144	1.2004332587308797	1.1758508617627266	0.8999999999999999	0.5824132255797094	33.0	0.0	11.0	0.0	7.0	0.19575163783819496	1.311919191919192	1.797979797979798	2.2840404040404043	2.124627760390733	0.0	0.0	0.0	169
1.5976643994105224	1.5489258089934743	0.4655438310880817	0.45390999037872454	0.5755555555555557	0.4920241321140976	23.0	0.0	14.0	0.0	3.0	-1.680567779465224	0.04888888888888888	0.5454545454545454	1.0420202020202023	2.704071695042751	0.07692307692307693	1.0	0.14285714285714285	194
0.9450083143897742	0.9407041938880998	0.248036720447843	0.24662985607700813	0.22444444444444453	0.30169616722040915	6.0	0.0	4.0	0.0	1.0	-1.331176121490369	0.008686868686868686	0.13131313131313133	0.2539393939393939	0.7725919128693575	0.0	0.0	0.0	182
1.280192013892186	1.2591029260400894	0.4466211842053746	0.43991297219291803	0.5442424242424242	0.485242068805082	10.0	0.0	8.0	0.0	1.0	-1.3389404249775962	0.05515151515151514	0.37373737373737376	0.6923232323232325	1.545183825738715	0.0	0.0	0.0	225
1.280192013892186	1.2591029260400894	0.8924604229467187	0.8790557436758396	0.8101010101010102	0.5993985732608115	14.0	0.0	8.0	0.0	4.0	-0.25393707042929925	0.5963636363636364	0.9898989898989898	1.3834343434343435	1.545183825738715	0.14285714285714285	1.0	0.25	206
1.2100396725572446	1.1934377579838085	0.36546745049825086	0.36073941343022	0.4040404040404042	0.4172927686056404	12.0	0.0	7.0	0.0	2.0	-1.4401078547423294	0.024040404040404043	0.2727272727272727	0.5214141414141414	1.3520358475213754	0.0	0.0	0.0	232
1.5538594577875808	1.509692160062358	1.1270729871785743	1.1005018832668545	0.9365656565656565	0.17435578771572344	36.0	0.0	13.0	0.0	7.0	-0.12109936098043929	2.066464646464647	2.2323232323232323	2.3981818181818175	2.5109237168254115	0.0	0.0	0.0	191
1.1322512091154782	1.119995944426637	0.45352058134291284	0.44866909072420563	0.4242424242424244	0.4975173200493651	8.0	0.0	6.0	0.0	1.0	-1.1047885460694569	0.057373737373737375	0.3232323232323232	0.5890909090909091	1.158887869304036	0.2	1.0	0.3333333333333333	224
1.1322512091154782	1.119995944426637	0.32754264208099254	0.32403878774525957	0.35676767676767673	0.38032099085840515	9.0	0.0	6.0	0.0	1.0	-1.4220657393319323	0.018989898989898987	0.2222222222222222	0.4254545454545454	1.158887869304036	0.0	0.0	0.0	223
1.6387838212406702	1.5855225976238962	0.5012519994158003	0.4880566266176611	0.6250505050505051	0.5254068837676318	24.0	0.0	15.0	0.0	3.0	-1.6435141657550274	0.055555555555555546	0.6161616161616161	1.1767676767676771	2.8972196732600906	0.07142857142857142	1.0	0.13333333333333333	202
1.4026911725731355	1.3724055377271644	0.6867997690038671	0.6739034037290673	0.6630303030303032	0.5799833821647128	21.0	0.0	10.0	0.0	4.0	-0.931406981602312	0.3278787878787879	0.7777777777777779	1.227676767676768	1.9314797821733936	0.0	0.0	0.0	214
1.344073735825258	1.3184101303266593	0.8175474129437179	0.803680049462894	0.7553535353535354	0.7075093656979308	20.0	0.0	9.0	0.0	3.0	-0.5353302192364875	0.3517171717171718	0.8585858585858585	1.3654545454545457	1.7383318039560542	0.0	0.0	0.0	210
1.7485920653932048	1.6821281726900563	0.6141343426034583	0.5957624329187616	0.6941414141414142	0.6223484775060877	29.0	0.0	18.0	0.0	5.0	-1.5060146603823257	0.09737373737373736	0.8686868686868687	1.6400000000000003	3.4766636079121085	0.0	0.0	0.0	254
1.677493858525589	1.619766930936421	0.6122974521238826	0.5954060296552353	0.7765656565656567	0.6186779171387359	26.0	0.0	16.0	0.0	4.0	-1.4364162871872819	0.11232323232323232	0.8080808080808082	1.503838383838384	3.09036765147743	0.06666666666666667	1.0	0.125	188
1.7813566580156999	1.7106297250510871	0.5968394249879182	0.5783427248630404	0.725858585858586	0.6003392144411033	30.0	0.0	19.0	0.0	5.0	-1.5761459061118337	0.1004040404040404	0.8787878787878786	1.6571717171717177	3.669811586129448	0.05555555555555555	1.0	0.10526315789473684	192
1.1322512091154782	1.119995944426637	1.0955414866184767	1.0838220422020937	0.6680808080808082	0.3190764575392584	11.0	0.0	6.0	0.0	3.0	0.5121500388533797	1.0820202020202023	1.2525252525252528	1.4230303030303033	1.158887869304036	0.0	0.0	0.0	198
1.5070406700472805	1.4674825756639511	0.733323760506533	0.717136288446956	0.7551515151515152	0.6600847092655882	22.0	0.0	12.0	0.0	4.0	-0.9617296456366518	0.29939393939393943	0.8888888888888887	1.4783838383838388	2.317775738608072	0.0	0.0	0.0	209
1.280192013892186	1.2591029260400894	0.7855945428625614	0.7737949799763377	0.6008080808080808	0.7778642675581781	17.0	0.0	8.0	0.0	4.0	-0.5140080294265525	0.19636363636363635	0.7070707070707072	1.2177777777777778	1.545183825738715	0.0	0.0	0.0	176
1.5976643994105224	1.5489258089934743	0.7977785814244968	0.77784226540472	0.7793939393939396	0.7584537984460191	28.0	0.0	14.0	0.0	6.0	-0.928646844637122	0.2547474747474747	1.0202020202020203	1.785656565656566	2.704071695042751	0.0	0.0	0.0	198
1.4026911725731355	1.3724055377271644	0.7966515668435509	0.7816924622159281	0.7717171717171718	0.5987345287816233	17.0	0.0	10.0	0.0	4.0	-0.6715409991118585	0.4951515151515152	0.9595959595959596	1.4240404040404042	1.9314797821733936	0.0	0.0	0.0	207
0.8277465128678779	0.8267906928265433	0.2880781518364062	0.28726006618461447	0.18929292929292932	0.3528884580087584	5.0	0.0	3.0	0.0	1.0	-1.0180053747675697	0.01191919191919192	0.1313131313131313	0.2507070707070707	0.579443934652018	0.0	0.0	0.0	223
1.5976643994105224	1.5489258089934743	0.6734049096060832	0.6565766650282403	0.7743434343434346	0.6427540635550723	30.0	0.0	14.0	0.0	3.0	-1.2101320519702177	0.20989898989898997	0.8585858585858585	1.5072727272727275	2.704071695042751	0.0	0.0	0.0	196
1.1322512091154782	1.119995944426637	0.5399943273054161	0.5342177925220993	0.4757575757575759	0.5942988048006091	11.0	0.0	6.0	0.0	3.0	-0.8870032134102767	0.06626262626262626	0.38383838383838387	0.7014141414141414	1.158887869304036	0.0	0.0	0.0	212
1.5070406700472805	1.4674825756639511	0.9860488936026626	0.9642827382232914	0.8432323232323233	0.8686515707950161	28.0	0.0	12.0	0.0	4.0	-0.37797800697949424	0.43636363636363634	1.2121212121212122	1.9878787878787882	2.317775738608072	0.09090909090909091	1.0	0.16666666666666666	197
1.5976643994105224	1.5489258089934743	0.6690725901232939	0.6523526092821801	0.8264646464646466	0.6531630362442232	25.0	0.0	14.0	0.0	3.0	-1.219937051935376	0.17919191919191918	0.8383838383838383	1.497575757575758	2.704071695042751	0.0	0.0	0.0	198
1.4026911725731355	1.3724055377271644	0.6092706194997279	0.5978300558669412	0.6090909090909091	0.6096726976414875	15.0	0.0	10.0	0.0	4.0	-1.114810339615122	0.14323232323232327	0.6161616161616161	1.089090909090909	1.9314797821733936	0.1111111111111111	1.0	0.2	209
1.2100396725572446	1.1934377579838085	0.5420416119749338	0.535029242390888	0.5917171717171718	0.5518705339479956	10.0	0.0	7.0	0.0	2.0	-1.0033376567379781	0.11555555555555556	0.44444444444444436	0.7733333333333333	1.3520358475213754	0.0	0.0	0.0	189
1.5070406700472805	1.4674825756639511	0.48921653440733726	0.47841751300875085	0.6353535353535354	0.5162142928526632	18.0	0.0	12.0	0.0	2.0	-1.5255753997083554	0.06424242424242423	0.5252525252525252	0.9862626262626264	2.317775738608072	0.0	0.0	0.0	175
1.5538594577875808	1.509692160062358	0.6595717329567483	0.644022119708099	0.7626262626262627	0.6364729546699455	23.0	0.0	13.0	0.0	4.0	-1.1895866312688355	0.19252525252525252	0.797979797979798	1.4034343434343437	2.5109237168254115	0.0	0.0	0.0	208
1.0448862968084678	1.0367645284728637	0.8993478306360317	0.8918986516756883	0.6925252525252525	0.8090800243267763	11.0	0.0	5.0	0.0	3.0	0.18154627034143253	0.28525252525252526	0.6666666666666666	1.0480808080808082	0.9657398910866968	0.0	0.0	0.0	183
1.677493858525589	1.619766930936421	0.8686003619597261	0.8446383225630419	0.7042424242424244	0.8191554303579085	30.0	0.0	16.0	0.0	6.0	-0.8664823965240046	0.2909090909090909	1.2121212121212122	2.1333333333333337	3.09036765147743	0.0	0.0	0.0	201
1.6387838212406702	1.5855225976238962	0.8678328607911322	0.8449873097749547	0.8804040404040405	0.7639700093702316	36.0	0.0	15.0	0.0	6.0	-0.8213940167335215	0.4070707070707071	1.2222222222222225	2.0373737373737377	2.8972196732600906	0.0	0.0	0.0	214
1.5976643994105224	1.5489258089934743	0.3928872230954672	0.3830690554708391	0.5753535353535354	0.42096287625547085	21.0	0.0	14.0	0.0	4.0	-1.8450057997142386	0.0296969696969697	0.4545454545454545	0.8793939393939396	2.704071695042751	0.0	0.0	0.0	219
1.344073735825258	1.3184101303266593	1.2667811888977	1.2452938538282121	0.7981818181818183	0.6832583471845695	24.0	0.0	9.0	0.0	4.0	0.5418604019348945	1.1367676767676766	1.6262626262626263	2.1157575757575757	1.7383318039560542	0.0	0.0	0.0	229
1.7813566580156999	1.7106297250510871	0.6666149959453012	0.6459558753133213	0.7612121212121213	0.6484847678442436	27.0	0.0	19.0	0.0	4.0	-1.4244255843658709	0.16929292929292936	1.01010101010101	1.8509090909090913	3.669811586129448	0.0	0.0	0.0	183
1.677493858525589	1.619766930936421	0.7105907695994388	0.6909877337710341	0.8692929292929293	0.357302664689009	32.0	0.0	16.0	0.0	6.0	-1.2178440794393306	0.9416161616161617	1.3434343434343432	1.7452525252525255	3.09036765147743	0.0	0.0	0.0	193
1.0448862968084678	1.0367645284728637	1.107716391242144	1.0985413230932244	0.777979797979798	0.7670832857759161	12.0	0.0	5.0	0.0	3.0	0.7169370661962076	0.5676767676767678	0.9292929292929293	1.290909090909091	0.9657398910866968	0.0	0.0	0.0	175
1.456812522224161	1.4218876372101144	0.5992610394725886	0.5869894094983928	0.7141414141414143	0.5189916690120104	21.0	0.0	11.0	0.0	4.0	-1.2088310347296283	0.27393939393939404	0.7070707070707071	1.1402020202020204	2.124627760390733	0.0	0.0	0.0	187
1.1322512091154782	1.119995944426637	0.382599667388054	0.37850684608420637	0.4288888888888889	0.4385411027790755	8.0	0.0	6.0	0.0	1.0	-1.2834038548690727	0.028282828282828288	0.26262626262626265	0.49696969696969695	1.158887869304036	0.0	0.0	0.0	156
1.280192013892186	1.2591029260400894	0.42094730813637576	0.41462471554803765	0.40525252525252564	0.4707801935775366	13.0	0.0	8.0	0.0	2.0	-1.4014208870781562	0.03434343434343434	0.3434343434343434	0.6525252525252525	1.545183825738715	0.0	0.0	0.0	211
1.456812522224161	1.4218876372101144	0.984682296255986	0.9645180339631634	0.8206060606060608	0.7925273900864375	29.0	0.0	11.0	0.0	3.0	-0.30833031035287145	0.5507070707070708	1.212121212121212	1.8735353535353536	2.124627760390733	0.0	0.0	0.0	219
1.5538594577875808	1.509692160062358	0.724323125194621	0.7072469772928007	0.7210101010101012	0.7388353050706505	26.0	0.0	13.0	0.0	4.0	-1.0415955024433508	0.13555555555555554	0.8383838383838386	1.5412121212121215	2.5109237168254115	0.0	0.0	0.0	220
1.4026911725731355	1.3724055377271644	0.46833935210663563	0.4595451217793738	0.503838383838384	0.5062809586565793	15.0	0.0	10.0	0.0	2.0	-1.448198076411002	0.05171717171717171	0.4444444444444443	0.8371717171717172	1.9314797821733936	0.1111111111111111	1.0	0.2	216
1.280192013892186	1.2591029260400894	0.5107407122558689	0.5030694304126191	0.5551515151515151	0.5443203676069689	13.0	0.0	8.0	0.0	2.0	-1.1828978495792444	0.07696969696969695	0.43434343434343436	0.7917171717171718	1.545183825738715	0.0	0.0	0.0	210
1.344073735825258	1.3184101303266593	0.9432215899001496	0.9272225219280436	0.7751515151515151	0.7890040674463169	20.0	0.0	9.0	0.0	3.0	-0.23398367766484887	0.4448484848484849	1.0101010101010102	1.5753535353535355	1.7383318039560542	0.0	0.0	0.0	200
1.2100396725572446	1.1934377579838085	0.7242797401389203	0.7149097635395487	0.6787878787878787	0.5983117275296144	12.0	0.0	7.0	0.0	2.0	-0.5525571877471199	0.32020202020202027	0.6767676767676768	1.0333333333333334	1.3520358475213754	0.0	0.0	0.0	217
1.2100396725572446	1.1934377579838085	0.4967298784765068	0.49030370488694763	0.43373737373737387	0.5450907976587084	11.0	0.0	7.0	0.0	3.0	-1.1154198246300329	0.05898989898989899	0.3838383838383838	0.7086868686868688	1.3520358475213754	0.0	0.0	0.0	206
1.6387838212406702	1.5855225976238962	0.56992137203963	0.554918289800647	0.6802020202020203	0.5818289563307861	25.0	0.0	15.0	0.0	4.0	-1.489511377276351	0.09636363636363636	0.7171717171717171	1.337979797979798	2.8972196732600906	0.07142857142857142	1.0	0.13333333333333333	211
1.4026911725731355	1.3724055377271644	0.5728793860590098	0.5621221578908413	0.671111111111111	0.5778999214295009	18.0	0.0	10.0	0.0	2.0	-1.2008976301109304	0.12747474747474746	0.5757575757575757	1.0240404040404043	1.9314797821733936	0.0	0.0	0.0	236
1.280192013892186	1.2591029260400894	0.557527115853689	0.549153106227401	0.5541414141414142	0.6086295574486061	13.0	0.0	8.0	0.0	2.0	-1.0690375150914226	0.06505050505050505	0.46464646464646464	0.8642424242424243	1.545183825738715	0.0	0.0	0.0	211
1.280192013892186	1.2591029260400894	0.7217356633000771	0.7108952553266354	0.7389898989898991	0.19631226372710375	13.0	0.0	8.0	0.0	1.0	-0.669416285412716	0.861010101010101	0.9898989898989898	1.1187878787878789	1.545183825738715	0.0	0.0	0.0	224
1.5538594577875808	1.509692160062358	0.62729098022819	0.6125023959855204	0.7351515151515152	0.2881861192816539	22.0	0.0	13.0	0.0	5.0	-1.2633651998915112	0.7864646464646465	1.0606060606060606	1.334747474747475	2.5109237168254115	0.0	0.0	0.0	206
1.2100396725572446	1.1934377579838085	0.4525509383155403	0.44669630582060554	0.5373737373737372	0.5071242744386983	9.0	0.0	7.0	0.0	1.0	-1.2246999383247867	0.041212121212121214	0.3434343434343435	0.6456565656565656	1.3520358475213754	0.0	0.0	0.0	202
1.280192013892186	1.2591029260400894	0.5605245734658058	0.5521055422823871	0.6414141414141414	0.600321671679591	13.0	0.0	8.0	0.0	2.0	-1.0617428418512556	0.0806060606060606	0.47474747474747475	0.868888888888889	1.545183825738715	0.0	0.0	0.0	178
1.677493858525589	1.619766930936421	0.5855649599234177	0.5694110055233236	0.7426262626262627	0.587241031105264	25.0	0.0	16.0	0.0	3.0	-1.495860611470197	0.11737373737373734	0.7777777777777777	1.4381818181818187	3.09036765147743	0.0	0.0	0.0	232
1.456812522224161	1.4218876372101144	0.5275917975087335	0.5167878057756049	0.48101010101010144	0.5613533957270765	18.0	0.0	11.0	0.0	3.0	-1.3762795165352237	0.06686868686868687	0.5353535353535352	1.003838383838384	2.124627760390733	0.1	1.0	0.18181818181818182	185
1.1322512091154782	1.119995944426637	0.663017228485884	0.6559246686410455	0.6060606060606061	0.6854094994297106	10.0	0.0	6.0	0.0	2.0	-0.5771683246811186	0.1286868686868687	0.4949494949494949	0.8612121212121213	1.158887869304036	0.0	0.0	0.0	218
1.280192013892186	1.2591029260400894	0.44388437508126805	0.4372172697079307	0.4339393939393942	0.49416535351995017	13.0	0.0	8.0	0.0	3.0	-1.345600778805575	0.039191919191919194	0.36363636363636365	0.6880808080808081	1.545183825738715	0.0	0.0	0.0	199
1.5976643994105224	1.5489258089934743	0.6760223526269352	0.6591286987081517	0.8155555555555556	0.1981708261972973	29.0	0.0	14.0	0.0	5.0	-1.2042081978246009	1.1131313131313132	1.3131313131313131	1.5131313131313133	2.704071695042751	0.0	0.0	0.0	203
0.9450083143897742	0.9407041938880998	0.39129420576616764	0.3890747848852085	0.33838383838383823	0.4637273871773341	6.0	0.0	4.0	0.0	1.0	-0.9547407290853467	0.023636363636363636	0.21212121212121213	0.4006060606060606	0.7725919128693575	0.0	0.0	0.0	182
1.0448862968084678	1.0367645284728637	0.346529744302511	0.34365948432916354	0.29252525252525263	0.40668270290577874	7.0	0.0	5.0	0.0	1.0	-1.2388873802250218	0.020404040404040404	0.2121212121212121	0.4038383838383838	0.9657398910866968	0.0	0.0	0.0	233
1.2100396725572446	1.1934377579838085	1.0499578246588648	1.036374564349121	0.7860606060606061	0.8695011791011108	18.0	0.0	7.0	0.0	3.0	0.2530333939770242	0.4616161616161616	0.9797979797979798	1.497979797979798	1.3520358475213754	0.0	0.0	0.0	224
1.677493858525589	1.619766930936421	0.8399760318496897	0.8168036505694872	0.8438383838383843	0.7746048718647591	44.0	0.0	16.0	0.0	5.0	-0.930133549910019	0.3208080808080808	1.1919191919191918	2.0630303030303034	3.09036765147743	0.0	0.0	0.0	180
1.5070406700472805	1.4674825756639511	0.704964833993367	0.6894033601017128	0.7385858585858586	0.7204831387974286	21.0	0.0	12.0	0.0	3.0	-1.0272338937492513	0.13434343434343435	0.7777777777777778	1.4212121212121214	2.317775738608072	0.0	0.0	0.0	210
1.5976643994105224	1.5489258089934743	0.6183483495123009	0.6028959565887246	0.7585858585858586	0.6207350828664836	24.0	0.0	14.0	0.0	3.0	-1.334737259860775	0.13111111111111115	0.7575757575757576	1.3840404040404044	2.704071695042751	0.0	0.0	0.0	170
1.7485920653932048	1.6821281726900563	0.8467609875290106	0.8214300211455652	0.8925252525252525	0.5612220555404555	41.0	0.0	18.0	0.0	6.0	-0.996637462662281	0.8701010101010103	1.5656565656565657	2.2612121212121212	3.4766636079121085	0.0	0.0	0.0	196
1.2100396725572446	1.1934377579838085	0.8042832695970805	0.7938782906949436	0.7066666666666667	0.7728899369787653	16.0	0.0	7.0	0.0	4.0	-0.3546621100627106	0.22626262626262625	0.6868686868686869	1.1474747474747475	1.3520358475213754	0.0	0.0	0.0	193
1.4026911725731355	1.3724055377271644	0.8724854725538678	0.8561023986816522	0.7391919191919193	0.18751146616910397	16.0	0.0	10.0	0.0	2.0	-0.492147918606617	1.2686868686868682	1.4141414141414141	1.55959595959596	1.9314797821733936	0.0	0.0	0.0	200
1.5976643994105224	1.5489258089934743	0.9175491637924463	0.8946198065510106	0.8670707070707073	0.41355649184203647	36.0	0.0	14.0	0.0	6.0	-0.6575794497670077	1.2189898989898988	1.6363636363636362	2.053737373737374	2.704071695042751	0.0	0.0	0.0	202
1.0448862968084678	1.0367645284728637	0.47827692072567674	0.4743154163402512	0.4565656565656568	0.5181026215101017	7.0	0.0	5.0	0.0	1.0	-0.9003707372552805	0.06888888888888889	0.31313131313131315	0.5573737373737373	0.9657398910866968	0.0	0.0	0.0	241
1.4026911725731355	1.3724055377271644	0.41160519314004995	0.40387628704644774	0.5195959595959598	0.45367357509246964	15.0	0.0	10.0	0.0	3.0	-1.5824086969976354	0.031919191919191924	0.38383838383838376	0.7357575757575758	1.9314797821733936	0.0	0.0	0.0	202
0.9450083143897742	0.9407041938880998	0.5384981782833441	0.535443816415398	0.46020202020202033	0.5859963445681424	7.0	0.0	4.0	0.0	1.0	-0.567935215677431	0.07494949494949495	0.31313131313131315	0.5513131313131313	0.7725919128693575	0.0	0.0	0.0	218
1.8124756282373082	1.7375595813412361	0.7344413160661711	0.7109288643392915	0.8513131313131316	0.6981276284259401	37.0	0.0	20.0	0.0	6.0	-1.3087476111096934	0.22666666666666668	1.171717171717172	2.116767676767677	3.862959564346787	0.05263157894736842	1.0	0.1	206
1.1322512091154782	1.119995944426637	0.4269252386098408	0.4223582489842059	0.29232323232323254	0.4895782138783646	8.0	0.0	6.0	0.0	1.0	-1.1717692868693128	0.03131313131313132	0.29292929292929293	0.5545454545454546	1.158887869304036	0.2	1.0	0.3333333333333333	220
1.4026911725731355	1.3724055377271644	0.4408764026467147	0.43259785715765864	0.5482828282828283	0.48206072760973667	18.0	0.0	10.0	0.0	3.0	-1.5131645720336155	0.040202020202020204	0.4141414141414141	0.7880808080808082	1.9314797821733936	0.0	0.0	0.0	211
1.2100396725572446	1.1934377579838085	0.9463072342812129	0.9340648973088571	0.7436363636363637	0.1806799721095102	11.0	0.0	7.0	0.0	2.0	-0.0033545650760510243	1.1347474747474746	1.2424242424242422	1.3501010101010102	1.3520358475213754	0.16666666666666666	1.0	0.2857142857142857	184
1.677493858525589	1.619766930936421	0.6647753906589496	0.6464362616434192	0.7664646464646466	0.6255042123917189	27.0	0.0	16.0	0.0	4.0	-1.3197225059795887	0.22585858585858587	0.9292929292929293	1.6327272727272732	3.09036765147743	0.0	0.0	0.0	194
1.4026911725731355	1.3724055377271644	0.5846330763628442	0.573655143572563	0.6424242424242423	0.5008118742266472	12.0	0.0	10.0	0.0	2.0	-1.1730930393917873	0.26808080808080814	0.6565656565656565	1.0450505050505052	1.9314797821733936	0.3333333333333333	3.0	0.5	222
1.5070406700472805	1.4674825756639511	0.6883302693248669	0.6731359887048566	0.7773737373737375	0.4793418433631874	24.0	0.0	12.0	0.0	4.0	-1.0656568802746629	0.5315151515151516	0.9595959595959597	1.387676767676768	2.317775738608072	0.09090909090909091	1.0	0.16666666666666666	214
1.344073735825258	1.3184101303266593	0.4384686154639706	0.43103124416378025	0.47616161616161656	0.4723308838358046	14.0	0.0	9.0	0.0	2.0	-1.444300441840449	0.055555555555555546	0.3939393939393939	0.7323232323232325	1.7383318039560542	0.0	0.0	0.0	212
0.8277465128678779	0.8267906928265433	0.24536551691465058	0.2446687267986603	0.20565656565656568	0.30273172286030536	4.0	0.0	3.0	0.0	0.0	-1.133115701659552	0.008686868686868687	0.1111111111111111	0.21353535353535352	0.579443934652018	0.0	0.0	0.0	190
1.4026911725731355	1.3724055377271644	0.9336272653843912	0.9160961030452237	0.7941414141414141	0.5497732015041351	23.0	0.0	10.0	0.0	4.0	-0.3475105765003053	0.8159595959595961	1.2424242424242424	1.668888888888889	1.9314797821733936	0.0	0.0	0.0	179
1.5976643994105224	1.5489258089934743	0.608690887331916	0.5934798323214653	0.7363636363636366	0.6093252474187604	23.0	0.0	14.0	0.0	4.0	-1.3565942389497747	0.13252525252525252	0.7474747474747473	1.3624242424242425	2.704071695042751	0.0	0.0	0.0	188
1.456812522224161	1.4218876372101144	0.44764077647349976	0.4384740167337391	0.5218181818181821	0.48800709175756174	18.0	0.0	11.0	0.0	3.0	-1.5630776006827993	0.03717171717171717	0.4444444444444444	0.8517171717171717	2.124627760390733	0.0	0.0	0.0	200
1.1322512091154782	1.119995944426637	0.49146949144156543	0.48621204618946845	0.3573737373737374	0.5519569052219402	11.0	0.0	6.0	0.0	2.0	-1.0092136878521185	0.048484848484848485	0.3434343434343434	0.6383838383838385	1.158887869304036	0.0	0.0	0.0	211
1.6387838212406702	1.5855225976238962	0.49884254774478864	0.4857106033480825	0.6812121212121213	0.501171899579431	23.0	0.0	15.0	0.0	3.0	-1.6489177723683144	0.1016161616161616	0.6363636363636362	1.1711111111111112	2.8972196732600906	0.14285714285714285	2.0	0.26666666666666666	225
1.5538594577875808	1.509692160062358	0.5993776234570249	0.585247105472467	0.748888888888889	0.3106973415689461	22.0	0.0	13.0	0.0	4.0	-1.3271619621711188	0.6842424242424243	0.9797979797979797	1.2753535353535357	2.5109237168254115	0.08333333333333333	1.0	0.15384615384615385	207
1.5070406700472805	1.4674825756639511	0.6668857100534267	0.6521647990727646	0.7054545454545454	0.6345228271041718	18.0	0.0	12.0	0.0	4.0	-1.1151901279640493	0.21111111111111114	0.7777777777777777	1.3444444444444446	2.317775738608072	0.0	0.0	0.0	201
1.280192013892186	1.2591029260400894	1.0023237606429927	0.9872689434303275	0.7632323232323234	0.997253991754769	25.0	0.0	8.0	0.0	6.0	0.013428561808121109	0.24424242424242426	0.8989898989898989	1.5537373737373739	1.545183825738715	0.0	0.0	0.0	186
1.5976643994105224	1.5489258089934743	0.8059919371106183	0.7858503710899593	0.8345454545454548	0.5264538110089818	26.0	0.0	14.0	0.0	3.0	-0.9100581988698421	0.7414141414141415	1.2727272727272725	1.8040404040404043	2.704071695042751	0.0	0.0	0.0	217
1.280192013892186	1.2591029260400894	0.5394120459369844	0.5313101231124855	0.5450505050505049	0.5812443043581484	17.0	0.0	8.0	0.0	2.0	-1.1131227142385178	0.07292929292929293	0.4545454545454545	0.8361616161616163	1.545183825738715	0.0	0.0	0.0	233
1.2100396725572446	1.1934377579838085	0.4967298784765068	0.49030370488694763	0.47696969696969704	0.5450907976587084	11.0	0.0	7.0	0.0	2.0	-1.1154198246300329	0.05898989898989898	0.3838383838383838	0.7086868686868688	1.3520358475213754	0.0	0.0	0.0	239
1.4026911725731355	1.3724055377271644	0.4527431092034706	0.44424173693247376	0.5846464646464646	0.49638452016432083	14.0	0.0	10.0	0.0	2.0	-1.4850926294806344	0.03919191919191919	0.4242424242424242	0.8092929292929293	1.9314797821733936	0.0	0.0	0.0	187
1.456812522224161	1.4218876372101144	0.6204963704248417	0.6077898846755151	0.752929292929293	0.32533806117170794	19.0	0.0	11.0	0.0	3.0	-1.1592166697501929	0.6375757575757577	0.9090909090909091	1.1806060606060607	2.124627760390733	0.0	0.0	0.0	204
1.8420829417013262	1.7630533613550399	0.9707439543090886	0.9387211539513335	0.9288888888888888	0.8096678327268809	49.0	0.0	21.0	0.0	8.0	-0.8309874933016148	0.6153535353535354	1.7575757575757576	2.8997979797979787	4.056107542564127	0.05	1.0	0.09523809523809523	190
1.344073735825258	1.3184101303266593	0.9291905942053025	0.9134295221148024	0.7569696969696971	0.8972876849943461	20.0	0.0	9.0	0.0	4.0	-0.2676277573783333	0.26626262626262626	0.9090909090909091	1.551919191919192	1.7383318039560542	0.0	0.0	0.0	202
1.1322512091154782	1.119995944426637	0.45600903446413593	0.45113092386946874	0.49474747474747477	0.5035661628463179	9.0	0.0	6.0	0.0	1.0	-1.0985213422519267	0.05414141414141413	0.3232323232323232	0.5923232323232324	1.158887869304036	0.0	0.0	0.0	202
1.5538594577875808	1.509692160062358	0.8863914925700593	0.8654945313940998	0.8359595959595961	0.7509403963006098	29.0	0.0	13.0	0.0	6.0	-0.6711836887995054	0.45737373737373743	1.1717171717171717	1.8860606060606064	2.5109237168254115	0.0	0.0	0.0	198
1.2100396725572446	1.1934377579838085	0.5182529518882597	0.5115483352013194	0.5721212121212121	0.5627181120108555	12.0	0.0	7.0	0.0	3.0	-1.062180794881307	0.06868686868686869	0.40404040404040403	0.7393939393939395	1.3520358475213754	0.0	0.0	0.0	241
1.0448862968084678	1.0367645284728637	0.25222650223119236	0.25013734352122713	0.24222222222222226	0.3021193946771065	7.0	0.0	5.0	0.0	1.0	-1.4811940299296786	0.00909090909090909	0.15151515151515152	0.29393939393939394	0.9657398910866968	0.0	0.0	0.0	219
1.5976643994105224	1.5489258089934743	0.466626910958779	0.4549660043152395	0.5997979797979797	0.4944262027346707	20.0	0.0	14.0	0.0	3.0	-1.6781165294739346	0.04646464646464645	0.5454545454545454	1.0444444444444445	2.704071695042751	0.0	0.0	0.0	225
1.5070406700472805	1.4674825756639511	0.7808224572105638	0.7635864935199072	0.8145454545454547	0.7446877528794774	28.0	0.0	12.0	0.0	5.0	-0.8520158166424041	0.24404040404040403	0.9090909090909092	1.5741414141414145	2.317775738608072	0.0	0.0	0.0	205
1.2100396725572446	1.1934377579838085	0.5543607395198187	0.5471889978997719	0.5773737373737373	0.5983117275296145	12.0	0.0	7.0	0.0	2.0	-0.9728653173423256	0.07777777777777778	0.4343434343434343	0.790909090909091	1.3520358475213754	0.0	0.0	0.0	223
1.280192013892186	1.2591029260400894	0.7554896424973903	0.7441422526414782	0.6626262626262626	0.7221706629584829	17.0	0.0	8.0	0.0	3.0	-0.5872719215343153	0.22282828282828285	0.6969696969696969	1.1711111111111112	1.545183825738715	0.0	0.0	0.0	185
1.5538594577875808	1.509692160062358	0.5207644962239477	0.5084873077010109	0.6303030303030305	0.5383580047008051	21.0	0.0	13.0	0.0	5.0	-1.5068344763463408	0.08383838383838381	0.5959595959595958	1.1080808080808084	2.5109237168254115	0.0	0.0	0.0	218
1.280192013892186	1.2591029260400894	0.4106516928599752	0.40448373953308564	0.4480808080808083	0.4618569088626683	12.0	0.0	8.0	0.0	1.0	-1.4264765038595988	0.030101010101010104	0.3333333333333333	0.6365656565656566	1.545183825738715	0.0	0.0	0.0	231
1.5070406700472805	1.4674825756639511	0.7105764943634633	0.6948911480428209	0.7856565656565657	0.5974241662681348	25.0	0.0	12.0	0.0	3.0	-1.0142719223912815	0.3654545454545455	0.8989898989898988	1.4325252525252525	2.317775738608072	0.0	0.0	0.0	213
1.2100396725572446	1.1934377579838085	0.3668834421700767	0.36213708647721815	0.44707070707070723	0.4206826367502841	9.0	0.0	7.0	0.0	1.0	-1.4366052869957027	0.02202020202020202	0.2727272727272727	0.5234343434343435	1.3520358475213754	0.0	0.0	0.0	163
1.456812522224161	1.4218876372101144	0.4178051364855839	0.40924934910988225	0.5206060606060607	0.4562963134737124	15.0	0.0	11.0	0.0	2.0	-1.6327857834789061	0.03333333333333333	0.41414141414141403	0.794949494949495	2.124627760390733	0.0	0.0	0.0	218
1.456812522224161	1.4218876372101144	0.7025709245553008	0.688183721235093	0.7327272727272727	0.7182128180777213	22.0	0.0	11.0	0.0	3.0	-0.9674571491046741	0.13797979797979798	0.7373737373737373	1.3367676767676768	2.124627760390733	0.0	0.0	0.0	185
1.344073735825258	1.3184101303266593	0.38258654640345896	0.3760970552524239	0.4484848484848486	0.4266487326827297	13.0	0.0	9.0	0.0	2.0	-1.5782966903544984	0.027676767676767678	0.33333333333333326	0.638989898989899	1.7383318039560542	0.125	1.0	0.2222222222222222	199
1.280192013892186	1.2591029260400894	0.6122632983358184	0.6030671559271459	0.6571717171717173	0.24554417939534284	15.0	0.0	8.0	0.0	3.0	-0.9358304385318537	0.6266666666666668	0.7878787878787878	0.9490909090909092	1.545183825738715	0.0	0.0	0.0	224
1.344073735825258	1.3184101303266593	0.8135558365822528	0.7997561788263685	0.7056565656565658	0.7123031716831301	19.0	0.0	9.0	0.0	3.0	-0.5449013798446337	0.3381818181818182	0.8484848484848484	1.358787878787879	1.7383318039560542	0.0	0.0	0.0	196
1.344073735825258	1.3184101303266593	0.7038479650716815	0.6919091889073207	0.765858585858586	0.4142412348386852	19.0	0.0	9.0	0.0	3.0	-0.8079632789836869	0.5820202020202021	0.8787878787878787	1.175555555555556	1.7383318039560542	0.0	0.0	0.0	239
1.2100396725572446	1.1934377579838085	0.3666002438357115	0.3618575518678185	0.44727272727272727	0.4200046631213553	9.0	0.0	7.0	0.0	1.0	-1.437305800545028	0.022424242424242426	0.27272727272727276	0.5230303030303031	1.3520358475213754	0.0	0.0	0.0	268
1.5070406700472805	1.4674825756639511	0.5386191873083649	0.5267296461331494	0.5977777777777779	0.571183650067035	20.0	0.0	12.0	0.0	2.0	-1.411463759003368	0.06565656565656566	0.5757575757575759	1.0858585858585859	2.317775738608072	0.0	0.0	0.0	200
1.5538594577875808	1.509692160062358	0.5606407201827549	0.5474234370053727	0.6696969696969698	0.5850794094480148	23.0	0.0	13.0	0.0	5.0	-1.4156962445183299	0.0797979797979798	0.6363636363636362	1.1929292929292932	2.5109237168254115	0.0	0.0	0.0	183
