0.8277465128678779	0.8267906928265433	0.6959373885620836	0.6939610623863611	0.5400000000000001	-0.5385877988560069	5.0	0.0	3.0	0.0	1.0	0.08117312713032793	0.9701010101010101	0.787878787878788	0.6056565656565657	0.579443934652018	0.0	0.0	0.0	125
1.1322512091154782	1.119995944426637	0.6415543203153344	0.6346913577631509	0.6650505050505051	-0.009451316870238965	8.0	0.0	6.0	0.0	1.0	-0.6312229576073184	0.8434343434343434	0.8383838383838385	0.8333333333333333	1.158887869304036	0.0	0.0	0.0	138
1.344073735825258	1.3184101303266593	0.9348755665989043	0.9190180651425811	0.8535353535353536	0.3888622619758651	23.0	0.0	9.0	0.0	3.0	-0.25399610439097337	1.0042424242424242	1.2828282828282829	1.5614141414141414	1.7383318039560542	0.0	0.0	0.0	106
0.8277465128678779	0.8267906928265433	0.6977944596456381	0.6958128597509677	0.5450505050505051	-0.29496937099209264	6.0	0.0	3.0	0.0	1.0	0.08617792395171815	0.8068686868686868	0.7070707070707071	0.6072727272727272	0.579443934652018	0.0	0.0	0.0	121
1.0448862968084678	1.0367645284728637	1.5665779386001963	1.5536021810318417	0.7862626262626263	-0.348401514712748	8.0	0.0	5.0	0.0	1.0	1.8959549003289777	2.154141414141414	1.9898989898989898	1.8256565656565658	0.9657398910866968	0.0	0.0	0.0	101
1.280192013892186	1.2591029260400894	0.5936269314430933	0.5847107056722326	0.6616161616161617	-0.1830811863912644	14.0	0.0	8.0	0.0	3.0	-0.9811842765033262	1.1606060606060606	1.0404040404040404	0.9202020202020201	1.545183825738715	0.0	0.0	0.0	121
1.280192013892186	1.2591029260400894	1.0736111221137659	1.0574855748249952	0.7664646464646466	0.04246252726385618	15.0	0.0	8.0	0.0	4.0	0.18691492104165464	1.6084848484848486	1.6363636363636365	1.6642424242424243	1.545183825738715	0.0	0.0	0.0	99
0.9450083143897742	0.9407041938880998	0.6679429584056872	0.664154385696637	0.5886868686868687	-0.032306838334969626	7.0	0.0	4.0	0.0	2.0	-0.2277952467825346	0.7101010101010101	0.696969696969697	0.6838383838383839	0.7725919128693575	0.0	0.0	0.0	129
1.2100396725572446	1.1934377579838085	0.57744140377058	0.5699710685658416	0.6159595959595962	-0.27864716148971264	13.0	0.0	7.0	0.0	2.0	-0.9157734630723104	1.1559595959595959	0.9898989898989898	0.8238383838383838	1.3520358475213754	0.0	0.0	0.0	114
0.9450083143897742	0.9407041938880998	0.6379496556944126	0.6343312050095207	0.5692929292929293	-0.3563692782488191	6.0	0.0	4.0	0.0	1.0	-0.3066081664045227	0.9428282828282829	0.7979797979797979	0.6531313131313132	0.7725919128693575	0.0	0.0	0.0	103
1.0448862968084678	1.0367645284728637	0.6303062282560931	0.6250854852530459	0.6056565656565656	-0.027426441502602518	7.0	0.0	5.0	0.0	1.0	-0.5097403479336184	0.7604040404040404	0.7474747474747474	0.7345454545454545	0.9657398910866968	0.0	0.0	0.0	120
0.9450083143897742	0.9407041938880998	0.7269429420285233	0.7228197213903723	0.6173737373737374	0.09145320390206782	6.0	0.0	4.0	0.0	1.0	-0.07276193778928172	0.6698989898989899	0.7070707070707072	0.7442424242424243	0.7725919128693575	0.0	0.0	0.0	111
1.280192013892186	1.2591029260400894	0.7432391635609137	0.7320757748515353	0.7573737373737375	0.4163173868695474	16.0	0.0	8.0	0.0	2.0	-0.617084933907171	0.6054545454545456	0.8787878787878788	1.1521212121212123	1.545183825738715	0.0	0.0	0.0	115
1.1322512091154782	1.119995944426637	0.9348807319795094	0.9248799397610425	0.7848484848484849	0.4011138879729306	13.0	0.0	6.0	0.0	3.0	0.10752369238407482	0.7856565656565657	1.0	1.2143434343434345	1.158887869304036	0.0	0.0	0.0	109
1.280192013892186	1.2591029260400894	0.683941632538607	0.6736688876768118	0.7195959595959596	-0.20062005634807403	11.0	0.0	8.0	0.0	2.0	-0.7613926001800373	1.3236363636363635	1.1919191919191918	1.0602020202020204	1.545183825738715	0.14285714285714285	1.0	0.25	98
1.1322512091154782	1.119995944426637	0.7533791824502982	0.7453199847284129	0.6896969696969697	0.35688172502021304	12.0	0.0	6.0	0.0	1.0	-0.3495904860570471	0.5971717171717172	0.787878787878788	0.9785858585858586	1.158887869304036	0.0	0.0	0.0	101
1.6387838212406702	1.5855225976238962	0.8026916138284262	0.7815608949509941	0.8563636363636364	0.4786409377169627	28.0	0.0	15.0	0.0	6.0	-0.9674843812427427	0.863030303030303	1.3737373737373737	1.8844444444444441	2.8972196732600906	0.0	0.0	0.0	110
1.344073735825258	1.3184101303266593	0.6023651600029168	0.5921477506029312	0.6925252525252525	-0.20303178290255447	13.0	0.0	9.0	0.0	2.0	-1.05130278656656	1.2969696969696969	1.1515151515151516	1.0060606060606063	1.7383318039560542	0.0	0.0	0.0	121
1.2100396725572446	1.1934377579838085	0.8834372040521452	0.8720082140221396	0.757979797979798	0.030169826487329	11.0	0.0	7.0	0.0	2.0	-0.15886857302627738	1.2244444444444444	1.2424242424242424	1.2604040404040404	1.3520358475213754	0.16666666666666666	1.0	0.2857142857142857	134
1.1322512091154782	1.119995944426637	0.8309878141684441	0.8220984059463067	0.6527272727272726	-0.8343622533046724	8.0	0.0	6.0	0.0	1.0	-0.15413206699781865	1.971111111111111	1.5252525252525253	1.0793939393939394	1.158887869304036	0.0	0.0	0.0	104
1.4026911725731355	1.3724055377271644	0.9986116108142453	0.9798602065739738	0.9052525252525253	0.6865003122524396	29.0	0.0	10.0	0.0	5.0	-0.19378327204350412	0.7200000000000001	1.2525252525252526	1.7850505050505052	1.9314797821733936	0.0	0.0	0.0	139
1.280192013892186	1.2591029260400894	0.9767802088179989	0.9621090535704465	0.7838383838383839	0.5369355802567328	17.0	0.0	8.0	0.0	2.0	-0.048734740586344374	0.8090909090909091	1.1616161616161618	1.5141414141414142	1.545183825738715	0.0	0.0	0.0	136
1.2100396725572446	1.1934377579838085	0.7412716402008301	0.7316818401035262	0.7022222222222223	-0.03898348366340307	13.0	0.0	7.0	0.0	4.0	-0.5105263747875999	1.1040404040404042	1.0808080808080809	1.0575757575757574	1.3520358475213754	0.0	0.0	0.0	114
1.2100396725572446	1.1934377579838085	1.3534048399311436	1.3358958983208222	0.7276767676767679	0.42644541259617846	14.0	0.0	7.0	0.0	4.0	1.003633662079129	1.4226262626262625	1.6767676767676767	1.930909090909091	1.3520358475213754	0.0	0.0	0.0	117
1.2100396725572446	1.1934377579838085	0.8777732373648418	0.866417521834147	0.742828282828283	0.49119189415887293	16.0	0.0	7.0	0.0	2.0	-0.1728788440127843	0.6668686868686869	0.9595959595959597	1.2523232323232323	1.3520358475213754	0.0	0.0	0.0	129
0.9450083143897742	0.9407041938880998	0.7926519538894077	0.7881560317114891	0.648080808080808	-0.16551041793146035	7.0	0.0	4.0	0.0	1.0	0.09990057690888966	0.946060606060606	0.8787878787878789	0.8115151515151515	0.7725919128693575	0.0	0.0	0.0	117
1.280192013892186	1.2591029260400894	0.91383359896355	0.9001078964157397	0.825858585858586	0.15754213013836518	20.0	0.0	8.0	0.0	3.0	-0.20192287862984895	1.2096969696969695	1.313131313131313	1.4165656565656564	1.545183825738715	0.0	0.0	0.0	100
1.1322512091154782	1.119995944426637	0.8712696490682434	0.8619493299852539	0.7478787878787879	-0.30168603449801906	11.0	0.0	6.0	0.0	2.0	-0.0526817052015453	1.4541414141414142	1.292929292929293	1.131717171717172	1.158887869304036	0.0	0.0	0.0	92
1.1322512091154782	1.119995944426637	0.654307642561603	0.6473082526326245	0.6646464646464646	0.21057533986891808	9.0	0.0	6.0	0.0	1.0	-0.599103538042475	0.6248484848484849	0.7373737373737375	0.8498989898989899	1.158887869304036	0.0	0.0	0.0	125
0.8277465128678779	0.8267906928265433	1.073619220179999	1.0705703514132487	0.694949494949495	0.10449319822594336	7.0	0.0	3.0	0.0	2.0	1.0990236806806288	0.8636363636363636	0.898989898989899	0.9343434343434343	0.579443934652018	0.0	0.0	0.0	142
1.5538594577875808	1.509692160062358	0.771509990212543	0.7533213969696289	0.8149494949494951	0.43026166371748714	22.0	0.0	13.0	0.0	3.0	-0.9337485947802044	0.823030303030303	1.2323232323232325	1.6416161616161618	2.5109237168254115	0.08333333333333333	1.0	0.15384615384615385	110
1.5538594577875808	1.509692160062358	1.0257683896451284	1.0015855738198214	0.8947474747474747	0.4468265254005889	32.0	0.0	13.0	0.0	7.0	-0.3526338689816004	1.3325252525252522	1.7575757575757573	2.1826262626262625	2.5109237168254115	0.0	0.0	0.0	113
1.456812522224161	1.4218876372101144	0.5929966168416738	0.5808532693211418	0.7131313131313132	-0.2093879634773265	15.0	0.0	11.0	0.0	1.0	-1.2234672723985618	1.4777777777777774	1.303030303030303	1.1282828282828286	2.124627760390733	0.1	1.0	0.18181818181818182	110
1.2100396725572446	1.1934377579838085	0.9014202982843336	0.8897586617190161	0.8086868686868687	-0.4861070919419074	15.0	0.0	7.0	0.0	4.0	-0.114385962644118	1.8654545454545453	1.5757575757575757	1.2860606060606061	1.3520358475213754	0.0	0.0	0.0	91
1.0448862968084678	1.0367645284728637	1.174630088741278	1.1649007832988556	0.7820202020202021	-0.22455398980255864	11.0	0.0	5.0	0.0	3.0	0.8888678874939969	1.5806060606060608	1.4747474747474747	1.3688888888888888	0.9657398910866968	0.0	0.0	0.0	109
1.280192013892186	1.2591029260400894	0.8644407104856285	0.85145688490097	0.7830303030303031	-0.06677078562504923	14.0	0.0	8.0	0.0	3.0	-0.322126407239555	1.4276767676767677	1.3838383838383836	1.3399999999999999	1.545183825738715	0.0	0.0	0.0	118
0.8277465128678779	0.8267906928265433	0.7117224927722977	0.709701339985518	0.5513131313131314	0.03940886333092758	7.0	0.0	3.0	0.0	2.0	0.12371390011214745	0.5927272727272728	0.606060606060606	0.6193939393939394	0.579443934652018	0.0	0.0	0.0	130
1.1322512091154782	1.119995944426637	0.6339334326315886	0.6271519937557826	0.6143434343434343	-0.12248906663829348	10.0	0.0	6.0	0.0	2.0	-0.650416269298505	0.9543434343434344	0.8888888888888888	0.8234343434343434	1.158887869304036	0.0	0.0	0.0	101
1.2100396725572446	1.1934377579838085	0.7377316610212657	0.7281876574860311	0.7246464646464648	0.34237668260901477	14.0	0.0	7.0	0.0	2.0	-0.5192827941541661	0.6444444444444446	0.8484848484848484	1.0525252525252526	1.3520358475213754	0.0	0.0	0.0	112
1.280192013892186	1.2591029260400894	0.6800319052184548	0.66981788412683	0.7032323232323233	0.036308537805326585	15.0	0.0	8.0	0.0	2.0	-0.7709073913628637	1.0064646464646463	1.0303030303030303	1.0541414141414143	1.545183825738715	0.0	0.0	0.0	108
1.5070406700472805	1.4674825756639511	1.341186828453052	1.3115813179248503	0.8640404040404042	0.17734969570398204	27.0	0.0	12.0	0.0	5.0	0.44232960896061857	2.387070707070707	2.5454545454545454	2.7038383838383835	2.317775738608072	0.0	0.0	0.0	125
1.280192013892186	1.2591029260400894	0.6355913380127258	0.626044810442037	0.6969696969696969	0.03907783306166489	15.0	0.0	8.0	0.0	2.0	-0.8790588511409899	0.9339393939393938	0.9595959595959596	0.9852525252525253	1.545183825738715	0.0	0.0	0.0	107
1.344073735825258	1.3184101303266593	1.0171262310169733	0.9998735812891663	0.7911111111111112	-0.34994783691954184	17.0	0.0	9.0	0.0	3.0	-0.05677218882916907	2.2002020202020205	1.9494949494949494	1.698787878787879	1.7383318039560542	0.125	1.0	0.2222222222222222	89
1.280192013892186	1.2591029260400894	0.5921933647590376	0.5832986710372393	0.6533333333333333	-0.04800111777653312	13.0	0.0	8.0	0.0	2.0	-0.9846730332703624	0.981010101010101	0.9494949494949495	0.917979797979798	1.545183825738715	0.0	0.0	0.0	121
1.2100396725572446	1.1934377579838085	0.6944023158633947	0.6854188622478878	0.7070707070707071	0.23864671738291685	12.0	0.0	7.0	0.0	1.0	-0.6264613672009438	0.7062626262626264	0.8484848484848485	0.9907070707070706	1.3520358475213754	0.0	0.0	0.0	115
0.8277465128678779	0.8267906928265433	0.5919414078830265	0.5902604099683858	0.46020202020202033	-0.9255111842869297	6.0	0.0	3.0	0.0	2.0	-0.19909549486754247	1.1414141414141414	0.8282828282828283	0.5151515151515151	0.579443934652018	0.0	0.0	0.0	120
1.456812522224161	1.4218876372101144	0.8312570301259559	0.8142346008084544	0.8585858585858588	0.1401567986744185	25.0	0.0	11.0	0.0	3.0	-0.6667940973292941	1.3476767676767676	1.464646464646465	1.5816161616161617	2.124627760390733	0.0	0.0	0.0	103
1.2100396725572446	1.1934377579838085	0.8704100806713474	0.8591496219897566	0.7973737373737374	-0.678990589372135	12.0	0.0	7.0	0.0	2.0	-0.19109219629524335	2.051111111111111	1.6464646464646466	1.2418181818181817	1.3520358475213754	0.0	0.0	0.0	129
1.344073735825258	1.3184101303266593	0.7714628494977115	0.7583771793866455	0.6947474747474748	0.5859722845437622	18.0	0.0	9.0	0.0	3.0	-0.6458336189850867	0.4488888888888889	0.8686868686868687	1.2884848484848486	1.7383318039560542	0.0	0.0	0.0	130
0.8277465128678779	0.8267906928265433	0.7333109441186199	0.731228484349071	0.56989898989899	0.06508433489501643	5.0	0.0	3.0	0.0	1.0	0.18189466316081251	0.5941414141414142	0.6161616161616161	0.6381818181818182	0.579443934652018	0.0	0.0	0.0	114
0.8277465128678779	0.8267906928265433	0.7788091856657074	0.7765975197819351	0.5882828282828283	0.24182711589432668	6.0	0.0	3.0	0.0	1.0	0.3045121852848809	0.5141414141414141	0.595959595959596	0.6777777777777778	0.579443934652018	0.0	0.0	0.0	135
1.344073735825258	1.3184101303266593	0.7477553050477975	0.7350717659091004	0.752929292929293	0.19231621658269765	19.0	0.0	9.0	0.0	4.0	-0.7026805122940774	0.9733333333333333	1.1111111111111112	1.248888888888889	1.7383318039560542	0.0	0.0	0.0	99
1.344073735825258	1.3184101303266593	0.7034850944933663	0.691552473394909	0.7521212121212122	0.2865004047624939	18.0	0.0	9.0	0.0	3.0	-0.8088333844935189	0.7644444444444445	0.9696969696969697	1.174949494949495	1.7383318039560542	0.0	0.0	0.0	100
1.456812522224161	1.4218876372101144	0.44434930017590063	0.4352499430812853	0.5672727272727272	-0.378834870337591	9.0	0.0	11.0	0.0	0.0	-1.5707678272546113	1.4777777777777772	1.1616161616161615	0.8454545454545457	2.124627760390733	0.3	3.0	0.5454545454545454	106
1.344073735825258	1.3184101303266593	0.7137664275456248	0.7016594129132322	0.7606060606060607	0.0989779941649956	19.0	0.0	9.0	0.0	2.0	-0.7841803950482934	1.05030303030303	1.121212121212121	1.1921212121212121	1.7383318039560542	0.0	0.0	0.0	94
1.4026911725731355	1.3724055377271644	0.7549485695155227	0.7407725418644345	0.7614141414141415	0.07292112573242926	19.0	0.0	10.0	0.0	3.0	-0.7701938257980494	1.2363636363636366	1.2929292929292928	1.3494949494949495	1.9314797821733936	0.0	0.0	0.0	134
1.2100396725572446	1.1934377579838085	1.1133942515566626	1.0989903168546376	0.690909090909091	0.6484817760703414	11.0	0.0	7.0	0.0	2.0	0.40994842902590123	0.8155555555555556	1.202020202020202	1.5884848484848486	1.3520358475213754	0.16666666666666666	1.0	0.2857142857142857	125
0.48926949305991313	0.4923299360854566	1.038943290329021	1.0426956981970292	0.5018181818181817	-0.24444640443547777	2.0	0.0	1.0	0.0	4294967295.0	1.8323570712255588	0.5890909090909091	0.5454545454545454	0.5018181818181818	0.19314797821733937		0.0		106
1.1322512091154782	1.119995944426637	0.7963049987913969	0.7877866064842018	0.7321212121212122	0.19658739090096491	12.0	0.0	6.0	0.0	2.0	-0.24148122020464813	0.8242424242424243	0.9292929292929293	1.0343434343434343	1.158887869304036	0.0	0.0	0.0	152
1.6387838212406702	1.5855225976238962	0.8264419231569692	0.8046859814654106	0.8739393939393941	0.28476106421135805	29.0	0.0	15.0	0.0	4.0	-0.9142202589117714	1.3325252525252524	1.6363636363636362	1.9402020202020205	2.8972196732600906	0.07142857142857142	1.0	0.13333333333333333	104
1.5070406700472805	1.4674825756639511	1.0403617493275243	1.0173966857961594	0.9226262626262627	0.4257297542281822	31.0	0.0	12.0	0.0	4.0	-0.25252464133628316	1.3369696969696971	1.7171717171717171	2.0973737373737373	2.317775738608072	0.0	0.0	0.0	113
1.280192013892186	1.2591029260400894	0.5916720677830173	0.5827852038972416	0.6921212121212122	-0.233851599424136	11.0	0.0	8.0	0.0	2.0	-0.9859416720947394	1.2242424242424244	1.0707070707070707	0.9171717171717171	1.545183825738715	0.0	0.0	0.0	110
1.1322512091154782	1.119995944426637	0.6656612099271834	0.6585403663578874	0.673939393939394	-0.34780846082478445	9.0	0.0	6.0	0.0	1.0	-0.5705094206249929	1.2363636363636366	1.0505050505050506	0.8646464646464646	1.158887869304036	0.0	0.0	0.0	107
1.456812522224161	1.4218876372101144	1.1418237453026605	1.1184415502738687	0.8515151515151518	0.5456190400900515	26.0	0.0	11.0	0.0	5.0	0.05881599049495224	1.2618181818181817	1.7171717171717173	2.1725252525252525	2.124627760390733	0.0	0.0	0.0	136
1.456812522224161	1.4218876372101144	1.2861178191232217	1.2597807791024151	0.8547474747474748	0.5720043441582927	23.0	0.0	11.0	0.0	4.0	0.3959456005302173	1.492323232323232	1.9696969696969697	2.447070707070707	2.124627760390733	0.0	0.0	0.0	113
1.5538594577875808	1.509692160062358	1.3243653523842924	1.2931430182536736	0.895959595959596	0.573186688239634	36.0	0.0	13.0	0.0	6.0	0.3298178907781499	1.7274747474747474	2.2727272727272725	2.817979797979798	2.5109237168254115	0.0	0.0	0.0	119
1.456812522224161	1.4218876372101144	0.8606679634948268	0.8430432589287691	0.8597979797979798	0.09827920597895379	24.0	0.0	11.0	0.0	3.0	-0.5980782018327754	1.4735353535353535	1.5555555555555556	1.637575757575758	2.124627760390733	0.0	0.0	0.0	94
0.9450083143897742	0.9407041938880998	0.5969061888263526	0.5935205367008352	0.46484848484848507	-0.658562473751305	7.0	0.0	4.0	0.0	2.0	-0.41445742483461184	1.1464646464646464	0.8787878787878788	0.6111111111111112	0.7725919128693575	0.0	0.0	0.0	99
1.2100396725572446	1.1934377579838085	0.6754280274609284	0.6666900434181128	0.6737373737373739	0.39661457292331365	9.0	0.0	7.0	0.0	2.0	-0.6733957750057418	0.4909090909090909	0.7272727272727273	0.9636363636363636	1.3520358475213754	0.16666666666666666	1.0	0.2857142857142857	113
1.1322512091154782	1.119995944426637	0.7790413552629116	0.7707076390389389	0.7086868686868687	0.47596831758522073	10.0	0.0	6.0	0.0	2.0	-0.2849599466887652	0.5032323232323233	0.7575757575757576	1.0119191919191919	1.158887869304036	0.0	0.0	0.0	129
1.1322512091154782	1.119995944426637	1.3563624793866744	1.3418529287399854	0.7589898989898991	0.5561154846448454	15.0	0.0	6.0	0.0	3.0	1.1690313389782816	1.1674747474747473	1.4646464646464645	1.761818181818182	1.158887869304036	0.0	0.0	0.0	119
1.0448862968084678	1.0367645284728637	0.6292661189685419	0.6240539910529584	0.5838383838383839	-0.2871205594803707	9.0	0.0	5.0	0.0	2.0	-0.5124128477465372	1.004040404040404	0.8686868686868687	0.7333333333333334	0.9657398910866968	0.0	0.0	0.0	106
1.1322512091154782	1.119995944426637	0.9487227524663129	0.9385738866315687	0.7492929292929293	0.49146847725241255	13.0	0.0	6.0	0.0	3.0	0.14238501361908754	0.7070707070707071	0.9696969696969697	1.2323232323232325	1.158887869304036	0.0	0.0	0.0	132
1.1322512091154782	1.119995944426637	0.6731265692908528	0.665925865793677	0.6652525252525251	-0.21624612999106113	9.0	0.0	6.0	0.0	1.0	-0.5517078091724015	1.1054545454545452	0.9898989898989898	0.8743434343434344	1.158887869304036	0.0	0.0	0.0	122
1.4026911725731355	1.3724055377271644	1.0554587860337525	1.0356399353999932	0.84969696969697	0.36174087015122897	27.0	0.0	10.0	0.0	4.0	-0.05930529962303269	1.3254545454545457	1.606060606060606	1.886666666666667	1.9314797821733936	0.0	0.0	0.0	94
0.8277465128678779	0.8267906928265433	1.0896364582756575	1.0865421036829817	0.6503030303030303	0.056127775047078346	5.0	0.0	3.0	0.0	1.0	1.1421900532651226	0.9103030303030303	0.9292929292929293	0.9482828282828283	0.579443934652018	0.0	0.0	0.0	123
0.9450083143897742	0.9407041938880998	0.8094245244845283	0.8048334682799423	0.650909090909091	0.1998053693947358	8.0	0.0	4.0	0.0	1.0	0.14397359117118566	0.6662626262626262	0.7474747474747474	0.8286868686868687	0.7725919128693575	0.0	0.0	0.0	122
1.280192013892186	1.2591029260400894	0.9465449842088226	0.9323279594505874	0.8543434343434344	-0.08830974872990399	18.0	0.0	8.0	0.0	2.0	-0.12231579240020155	1.583232323232323	1.5252525252525253	1.4672727272727273	1.545183825738715	0.0	0.0	0.0	112
1.1322512091154782	1.119995944426637	0.6112262979004277	0.6046877663052566	0.6381818181818182	0.16256265016810562	7.0	0.0	6.0	0.0	0.0	-0.7076045041334696	0.6202020202020202	0.7070707070707071	0.793939393939394	1.158887869304036	0.0	0.0	0.0	149
0.9450083143897742	0.9407041938880998	0.6744546622837927	0.6706291551879188	0.5713131313131313	-0.38867611658378926	6.0	0.0	4.0	0.0	1.0	-0.21068454712776102	1.0064646464646465	0.8484848484848485	0.6905050505050505	0.7725919128693575	0.0	0.0	0.0	103
1.280192013892186	1.2591029260400894	0.8633981165335881	0.850429950620975	0.7345454545454546	0.5769365117371774	19.0	0.0	8.0	0.0	4.0	-0.3246636848883083	0.5808080808080809	0.9595959595959596	1.3383838383838385	1.545183825738715	0.0	0.0	0.0	97
1.2100396725572446	1.1934377579838085	0.782618597018145	0.772493893075872	0.7030303030303031	0.16169671049950493	12.0	0.0	7.0	0.0	2.0	-0.4082513965860995	0.9238383838383838	1.02020202020202	1.1165656565656565	1.3520358475213754	0.0	0.0	0.0	115
1.456812522224161	1.4218876372101144	0.9591998991132821	0.9395574637506167	0.8036363636363638	-0.16121662852705138	21.0	0.0	11.0	0.0	4.0	-0.36786754832819407	2.0941414141414145	1.9595959595959596	1.8250505050505053	2.124627760390733	0.0	0.0	0.0	118
1.0448862968084678	1.0367645284728637	0.4893714197928908	0.485318021141185	0.4993939393939394	-0.7400853824217912	7.0	0.0	5.0	0.0	1.0	-0.8718640725841442	1.268080808080808	0.9191919191919191	0.5703030303030303	0.9657398910866968	0.0	0.0	0.0	107
1.456812522224161	1.4218876372101144	0.995406138386874	0.9750222739276102	0.8664646464646466	0.3933588909256143	25.0	0.0	11.0	0.0	5.0	-0.2832750560382564	1.237373737373737	1.5656565656565655	1.893939393939394	2.124627760390733	0.0	0.0	0.0	113
1.344073735825258	1.3184101303266593	0.992571988550991	0.9757358316159945	0.7424242424242425	0.509271388780575	18.0	0.0	9.0	0.0	5.0	-0.11564932832776634	0.9280808080808081	1.292929292929293	1.657777777777778	1.7383318039560542	0.0	0.0	0.0	136
1.344073735825258	1.3184101303266593	1.1715881405197293	1.1517154844056205	0.7991919191919192	-0.1449421339054349	20.0	0.0	9.0	0.0	4.0	0.31360272318910076	2.164444444444445	2.0606060606060606	1.9567676767676767	1.7383318039560542	0.0	0.0	0.0	102
0.9450083143897742	0.9407041938880998	0.9828726368740702	0.9772977829113586	0.6935353535353537	0.3136248459902446	7.0	0.0	4.0	0.0	1.0	0.5997404092483412	0.7513131313131314	0.8787878787878788	1.0062626262626264	0.7725919128693575	0.0	0.0	0.0	118
0.9450083143897742	0.9407041938880998	0.7310867535873178	0.7269400292484608	0.6246464646464647	-0.022366272693440426	6.0	0.0	4.0	0.0	1.0	-0.06187331073624382	0.7666666666666666	0.7575757575757576	0.7484848484848485	0.7725919128693575	0.0	0.0	0.0	110
0.9450083143897742	0.9407041938880998	0.7435181882637013	0.7393009528227261	0.5907070707070707	-0.3141218742723205	4.0	0.0	4.0	0.0	0.0	-0.02920742957713038	1.0165656565656567	0.8888888888888888	0.7612121212121212	0.7725919128693575	0.3333333333333333	1.0	0.5	113
1.344073735825258	1.3184101303266593	1.1073600481579724	1.088576838708802	0.8680808080808082	0.5935859764026081	23.0	0.0	9.0	0.0	6.0	0.15959404794892745	0.998989898989899	1.424242424242424	1.8494949494949495	1.7383318039560542	0.0	0.0	0.0	124
1.344073735825258	1.3184101303266593	1.0497845830653243	1.0319779774061926	0.8270707070707071	0.5439559850264281	17.0	0.0	9.0	0.0	3.0	0.021537307055664735	0.9739393939393941	1.3636363636363635	1.7533333333333334	1.7383318039560542	0.0	0.0	0.0	131
1.4026911725731355	1.3724055377271644	0.9517098658518288	0.9338391579401802	0.8206060606060607	0.435182861067461	22.0	0.0	10.0	0.0	4.0	-0.3047342830862389	1.026060606060606	1.3636363636363635	1.7012121212121214	1.9314797821733936	0.0	0.0	0.0	117
1.0448862968084678	1.0367645284728637	0.6942729494404986	0.6885223785584292	0.6472727272727273	0.19498485755756503	8.0	0.0	5.0	0.0	1.0	-0.34538160943909924	0.6252525252525253	0.7171717171717172	0.8090909090909091	0.9657398910866968	0.0	0.0	0.0	125
1.0448862968084678	1.0367645284728637	0.6602960460471559	0.6548269013555698	0.5755555555555556	-0.48896202741358663	9.0	0.0	5.0	0.0	2.0	-0.4326832699944536	1.2305050505050505	1.0	0.7694949494949495	0.9657398910866968	0.0	0.0	0.0	102
0.8277465128678779	0.8267906928265433	0.7360965507439517	0.734006180395981	0.5593939393939396	0.2513807797321273	6.0	0.0	3.0	0.0	1.0	0.1894018583928984	0.47050505050505054	0.5555555555555556	0.6406060606060606	0.579443934652018	0.0	0.0	0.0	99
1.4026911725731355	1.3724055377271644	0.7082728570589493	0.6949732814168282	0.7765656565656567	0.23881668677370574	16.0	0.0	10.0	0.0	2.0	-0.880610133173108	0.8955555555555557	1.0808080808080807	1.2660606060606063	1.9314797821733936	0.0	0.0	0.0	125
1.2100396725572446	1.1934377579838085	0.6134075922349564	0.6054719639595942	0.6503030303030305	0.11254362240217086	14.0	0.0	7.0	0.0	2.0	-0.8268082423079919	0.741010101010101	0.8080808080808082	0.8751515151515151	1.3520358475213754	0.0	0.0	0.0	108
1.4026911725731355	1.3724055377271644	0.6658917622133922	0.6533879965067738	0.7826262626262626	0.25834913116632036	16.0	0.0	10.0	0.0	2.0	-0.9808670708623264	0.7894949494949495	0.9898989898989898	1.1903030303030304	1.9314797821733936	0.0	0.0	0.0	122
1.344073735825258	1.3184101303266593	1.1159479851780945	1.0970191058358718	0.8858585858585859	0.12012713821734472	27.0	0.0	9.0	0.0	4.0	0.18018654501493933	1.6917171717171717	1.777777777777778	1.8638383838383838	1.7383318039560542	0.0	0.0	0.0	118
1.4026911725731355	1.3724055377271644	1.4141723728065472	1.387617786878693	0.9371717171717172	0.12058029005040956	31.0	0.0	10.0	0.0	7.0	0.7892694209785096	2.340808080808081	2.4343434343434343	2.527878787878788	1.9314797821733936	0.0	0.0	0.0	112
1.5070406700472805	1.4674825756639511	1.0080947021994697	0.9858419051347874	0.8509090909090913	-0.009048453862448637	25.0	0.0	12.0	0.0	3.0	-0.327055976644612	2.048484848484849	2.0404040404040407	2.032323232323232	2.317775738608072	0.0	0.0	0.0	116
1.344073735825258	1.3184101303266593	0.6170009399949555	0.6065352762701911	0.6882828282828284	0.32456886405672297	10.0	0.0	9.0	0.0	1.0	-1.0162085310033568	0.5654545454545454	0.797979797979798	1.0305050505050506	1.7383318039560542	0.125	1.0	0.2222222222222222	127
1.5538594577875808	1.509692160062358	0.8075884785562257	0.788549323483099	0.8236363636363638	0.5109622719172136	28.0	0.0	13.0	0.0	4.0	-0.851290194554861	0.7462626262626264	1.2323232323232323	1.7183838383838386	2.5109237168254115	0.0	0.0	0.0	111
1.2100396725572446	1.1934377579838085	0.5420416119749338	0.5350292423908881	0.6151515151515152	-0.3972925465522424	10.0	0.0	7.0	0.0	1.0	-1.0033376567379781	1.2468686868686867	1.0101010101010102	0.7733333333333334	1.3520358475213754	0.0	0.0	0.0	113
1.2100396725572446	1.1934377579838085	1.0576041796867244	1.043921998802911	0.8276767676767678	0.27763020104631936	16.0	0.0	7.0	0.0	3.0	0.2719472598088086	1.177979797979798	1.3434343434343436	1.508888888888889	1.3520358475213754	0.0	0.0	0.0	98
1.2100396725572446	1.1934377579838085	0.841240652231735	0.8303575572215951	0.6214141414141414	-0.7149231917053578	15.0	0.0	7.0	0.0	4.0	-0.26324509187575335	2.0523232323232325	1.6262626262626263	1.2002020202020203	1.3520358475213754	0.0	0.0	0.0	118
1.2100396725572446	1.1934377579838085	0.6121331997303132	0.604214058217296	0.6701010101010101	0.02474603745589922	12.0	0.0	7.0	0.0	2.0	-0.8299605532799558	0.8438383838383838	0.8585858585858586	0.8733333333333334	1.3520358475213754	0.0	0.0	0.0	114
0.8277465128678779	0.8267906928265433	1.0425132795304597	1.0395527455560867	0.6737373737373739	0.32303325851563197	6.0	0.0	3.0	0.0	1.0	1.0151933339223378	0.6886868686868687	0.7979797979797979	0.9072727272727273	0.579443934652018	0.0	0.0	0.0	113
1.344073735825258	1.3184101303266593	0.7900902058512154	0.7766885756904309	0.8072727272727274	0.09362021100506689	19.0	0.0	9.0	0.0	3.0	-0.6011682028137371	1.1854545454545453	1.2525252525252526	1.3195959595959597	1.7383318039560542	0.0	0.0	0.0	90
1.0448862968084678	1.0367645284728637	0.6334265561187471	0.6281799678533085	0.5995959595959596	-0.6625199775472436	8.0	0.0	5.0	0.0	2.0	-0.5017228484948612	1.3628282828282827	1.0505050505050506	0.7381818181818183	0.9657398910866968	0.0	0.0	0.0	103
1.2100396725572446	1.1934377579838085	0.5610159003774001	0.5537580612206632	0.6280808080808081	-0.3518683134140168	11.0	0.0	7.0	0.0	1.0	-0.9564032489331802	1.2197979797979797	1.0101010101010102	0.8004040404040405	1.3520358475213754	0.0	0.0	0.0	116
1.5070406700472805	1.4674825756639511	1.0370548780380033	1.014162810759435	0.8886868686868686	0.5426810204003235	32.0	0.0	12.0	0.0	4.0	-0.2601629458865158	1.1214141414141414	1.606060606060606	2.0907070707070705	2.317775738608072	0.0	0.0	0.0	120
1.5538594577875808	1.509692160062358	0.9113616042395029	0.889875964744212	0.8670707070707072	0.28648715910902806	28.0	0.0	13.0	0.0	4.0	-0.6141137960119654	1.394141414141414	1.6666666666666665	1.9391919191919194	2.5109237168254115	0.08333333333333333	1.0	0.15384615384615385	94
1.280192013892186	1.2591029260400894	0.9819931785782019	0.9672437249704224	0.7862626262626263	0.21077413895464892	17.0	0.0	8.0	0.0	3.0	-0.036048352342575495	1.2454545454545451	1.383838383838384	1.5222222222222226	1.545183825738715	0.0	0.0	0.0	112
1.344073735825258	1.3184101303266593	0.5778109175369344	0.5680100009297594	0.6597979797979798	0.12040912680470954	13.0	0.0	9.0	0.0	3.0	-1.1101799260651577	0.7925252525252525	0.8787878787878788	0.965050505050505	1.7383318039560542	0.0	0.0	0.0	107
1.344073735825258	1.3184101303266593	0.8001296251845973	0.7865577048671464	0.7856565656565657	0.4695109979621579	18.0	0.0	9.0	0.0	4.0	-0.5770952837083991	0.6636363636363637	1.0	1.3363636363636364	1.7383318039560542	0.0	0.0	0.0	107
1.5070406700472805	1.4674825756639511	0.9544833040208699	0.9334139310545578	0.8595959595959597	0.10745038961657079	22.0	0.0	12.0	0.0	2.0	-0.4508890958680769	1.732323232323232	1.8282828282828285	1.9242424242424243	2.317775738608072	0.0	0.0	0.0	106
1.2100396725572446	1.1934377579838085	0.5893357338139171	0.5817115221606259	0.6242424242424243	-0.31796963196757955	13.0	0.0	7.0	0.0	3.0	-0.8863518940006458	1.2197979797979799	1.0303030303030303	0.8408080808080809	1.3520358475213754	0.0	0.0	0.0	108
1.4026911725731355	1.3724055377271644	0.8887598129745615	0.872071148087113	0.7945454545454546	0.5635761288749166	17.0	0.0	10.0	0.0	4.0	-0.45364925453395755	0.7143434343434345	1.1515151515151514	1.588686868686869	1.9314797821733936	0.1111111111111111	1.0	0.2	118
1.344073735825258	1.3184101303266593	1.0081754234185365	0.991074598649685	0.8832323232323233	0.4469519109729853	21.0	0.0	9.0	0.0	3.0	-0.07823479140501227	1.0434343434343434	1.3636363636363638	1.6838383838383841	1.7383318039560542	0.0	0.0	0.0	104
1.0448862968084678	1.0367645284728637	1.143773513210589	1.1342997886962587	0.7658585858585859	-0.04371089114477267	11.0	0.0	5.0	0.0	3.0	0.8095837263773996	1.374141414141414	1.3535353535353534	1.3329292929292929	0.9657398910866968	0.0	0.0	0.0	116
0.683750117678692	0.6854202331140761	0.7985593965550651	0.7987535650666956	0.5258585858585858	-0.14887100862949346	4.0	0.0	2.0	0.0	1.0	0.6776352444876443	0.6353535353535353	0.5959595959595959	0.5565656565656566	0.38629595643467873	0.0	0.0	0.0	106
1.0448862968084678	1.0367645284728637	0.8688379582011934	0.8616414884731205	0.7141414141414143	0.30511916171645376	12.0	0.0	5.0	0.0	3.0	0.1031529424958082	0.7248484848484849	0.8686868686868687	1.0125252525252526	0.9657398910866968	0.0	0.0	0.0	90
1.2100396725572446	1.1934377579838085	1.2639141662717501	1.24756296175054	0.74989898989899	0.48339519742619275	16.0	0.0	7.0	0.0	3.0	0.7822713804923208	1.2270707070707072	1.5151515151515151	1.8032323232323233	1.3520358475213754	0.0	0.0	0.0	124
1.4026911725731355	1.3724055377271644	0.6191030335038972	0.6074778419660738	0.7505050505050505	0.3849193708304648	16.0	0.0	10.0	0.0	2.0	-1.0915507300712235	0.5094949494949496	0.8080808080808082	1.1066666666666667	1.9314797821733936	0.0	0.0	0.0	129
1.1322512091154782	1.119995944426637	0.6431096035160989	0.6362300034789404	0.6422222222222224	0.2589660822445403	12.0	0.0	6.0	0.0	2.0	-0.6273059552213616	0.5585858585858586	0.696969696969697	0.8353535353535354	1.158887869304036	0.0	0.0	0.0	115
1.1322512091154782	1.119995944426637	0.6829248534556688	0.6756193338031505	0.6670707070707071	0.3935528344767396	10.0	0.0	6.0	0.0	2.0	-0.5270306941408757	0.46646464646464647	0.6767676767676767	0.8870707070707071	1.158887869304036	0.0	0.0	0.0	153
1.1322512091154782	1.119995944426637	1.1465547756035506	1.1342896216799876	0.6911111111111113	0.36746719991488086	12.0	0.0	6.0	0.0	3.0	0.6406277171127519	1.0965656565656565	1.2929292929292928	1.4892929292929293	1.158887869304036	0.0	0.0	0.0	112
1.1322512091154782	1.119995944426637	0.6681496630484065	0.6610021995031505	0.6496969696969698	0.4143457315912645	12.0	0.0	6.0	0.0	2.0	-0.5642422168074624	0.42505050505050507	0.6464646464646464	0.8678787878787878	1.158887869304036	0.0	0.0	0.0	124
1.4026911725731355	1.3724055377271644	0.7511060169161923	0.7370021426992565	0.7147474747474748	-0.63910158052636	14.0	0.0	10.0	0.0	2.0	-0.7792837881485383	2.3341414141414143	1.8383838383838382	1.3426262626262628	1.9314797821733936	0.1111111111111111	1.0	0.2	116
1.456812522224161	1.4218876372101144	0.8175602416617525	0.8008182943192105	0.8141414141414143	0.43572061764068004	27.0	0.0	11.0	0.0	5.0	-0.69879536274103	0.8282828282828282	1.191919191919192	1.5555555555555556	2.124627760390733	0.0	0.0	0.0	110
1.280192013892186	1.2591029260400894	0.8046218824873016	0.7925365305862491	0.7981818181818182	0.36123918121570486	16.0	0.0	8.0	0.0	2.0	-0.4677027123367977	0.7729292929292929	1.01010101010101	1.2472727272727273	1.545183825738715	0.0	0.0	0.0	118
1.280192013892186	1.2591029260400894	1.049761785460838	1.0339944531701064	0.8030303030303031	0.3092379702911271	17.0	0.0	8.0	0.0	2.0	0.12887469482641412	1.2212121212121212	1.4242424242424243	1.6272727272727274	1.545183825738715	0.0	0.0	0.0	127
1.4026911725731355	1.3724055377271644	0.903790974613119	0.8868200624685454	0.7351515151515152	-0.0658894457510877	18.0	0.0	10.0	0.0	4.0	-0.41809146063351504	1.7177777777777776	1.6666666666666667	1.6155555555555556	1.9314797821733936	0.0	0.0	0.0	112
0.9450083143897742	0.9407041938880998	0.6918192059587411	0.6878952071646703	0.5993939393939394	-0.09642348672283269	7.0	0.0	4.0	0.0	1.0	-0.16505601471503104	0.7866666666666666	0.7474747474747475	0.7082828282828283	0.7725919128693575	0.0	0.0	0.0	113
1.280192013892186	1.2591029260400894	0.7256453906202293	0.7147462588766172	0.7466666666666668	0.174773300622249	16.0	0.0	8.0	0.0	3.0	-0.6599014942298896	0.8953535353535353	1.0101010101010102	1.124848484848485	1.545183825738715	0.0	0.0	0.0	105
0.9450083143897742	0.9407041938880998	1.05963181289174	1.0536215808540446	0.734949494949495	0.4324146054065177	10.0	0.0	4.0	0.0	2.0	0.8014392627546134	0.7333333333333333	0.9090909090909091	1.084848484848485	0.7725919128693575	0.0	0.0	0.0	132
1.456812522224161	1.4218876372101144	0.7286903816265724	0.7137683057029536	0.7551515151515152	0.12418037602759398	20.0	0.0	11.0	0.0	2.0	-0.9064314801799681	1.179191919191919	1.2828282828282829	1.3864646464646466	2.124627760390733	0.0	0.0	0.0	105
1.0448862968084678	1.0367645284728637	0.6335999076666724	0.6283518835533232	0.5979797979797981	0.1735579501336571	11.0	0.0	5.0	0.0	2.0	-0.5012774318593746	0.5747474747474748	0.6565656565656566	0.7383838383838385	0.9657398910866968	0.0	0.0	0.0	111
1.5538594577875808	1.509692160062358	0.8241086284820174	0.8046800056234775	0.8616161616161617	0.3992556405670663	27.0	0.0	13.0	0.0	5.0	-0.8135329270832563	0.9939393939393939	1.3737373737373737	1.7535353535353537	2.5109237168254115	0.0	0.0	0.0	108
1.0448862968084678	1.0367645284728637	0.5429370481017832	0.5384399724456931	0.5264646464646464	-0.5433863722703133	7.0	0.0	5.0	0.0	1.0	-0.7342303322188151	1.145050505050505	0.8888888888888888	0.6327272727272728	0.9657398910866968	0.0	0.0	0.0	103
1.280192013892186	1.2591029260400894	0.6626987807657805	0.6527451017219107	0.7064646464646466	-0.08154036032552106	15.0	0.0	8.0	0.0	2.0	-0.8130896322733939	1.1343434343434342	1.0808080808080809	1.0272727272727273	1.545183825738715	0.0	0.0	0.0	113
0.9450083143897742	0.9407041938880998	0.719247291990762	0.7151677210824938	0.6125252525252526	0.2957318278354918	7.0	0.0	4.0	0.0	1.0	-0.09298367374492356	0.495959595959596	0.6161616161616161	0.7363636363636363	0.7725919128693575	0.0	0.0	0.0	133
0.9450083143897742	0.9407041938880998	0.9201234904123246	0.9149045496317335	0.6781818181818182	0.3046783369128678	9.0	0.0	4.0	0.0	3.0	0.4348554853023392	0.6943434343434343	0.8181818181818182	0.942020202020202	0.7725919128693575	0.0	0.0	0.0	125
0.9450083143897742	0.9407041938880998	1.0864679258439327	1.0803054793635694	0.7402020202020203	-0.1958291431381247	9.0	0.0	4.0	0.0	3.0	0.8719560855742863	1.2715151515151515	1.191919191919192	1.1123232323232322	0.7725919128693575	0.0	0.0	0.0	97
0.8277465128678779	0.8267906928265433	1.1075107674548705	1.1043656533173212	0.6923232323232323	-0.3457232101304078	5.0	0.0	3.0	0.0	1.0	1.1903612226710067	1.1977777777777778	1.0808080808080809	0.9638383838383839	0.579443934652018	0.0	0.0	0.0	108
1.714029370941514	1.6518999741051856	0.8310553171767783	0.8071358955479953	0.8991919191919191	-0.14595601900188884	33.0	0.0	17.0	0.0	3.0	-0.9921960460800395	2.475555555555556	2.3030303030303028	2.1305050505050502	3.283515629694769	0.0	0.0	0.0	123
1.2100396725572446	1.1934377579838085	0.7967785137364035	0.7864706235458535	0.744848484848485	-0.10949274107199151	16.0	0.0	7.0	0.0	4.0	-0.3732257191198321	1.2672727272727273	1.202020202020202	1.1367676767676769	1.3520358475213754	0.0	0.0	0.0	135
1.2100396725572446	1.1934377579838085	1.0291427470830248	1.0158287705582483	0.8404040404040404	-0.07864494095573377	15.0	0.0	7.0	0.0	4.0	0.20154564810161174	1.562020202020202	1.5151515151515151	1.4682828282828284	1.3520358475213754	0.0	0.0	0.0	123
1.280192013892186	1.2591029260400894	0.9458933629887973	0.9316861255255905	0.7571717171717173	0.233236200478283	15.0	0.0	8.0	0.0	3.0	-0.12390159093067245	1.1599999999999997	1.3131313131313131	1.4662626262626264	1.545183825738715	0.0	0.0	0.0	117
1.456812522224161	1.4218876372101144	0.7264606718765857	0.7115842558093556	0.8270707070707071	0.37326732911218297	22.0	0.0	11.0	0.0	4.0	-0.9116409885028091	0.7591919191919192	1.0707070707070705	1.3822222222222222	2.124627760390733	0.0	0.0	0.0	134
1.0448862968084678	1.0367645284728637	0.6266658457496637	0.6214752555527396	0.612929292929293	0.3706854984336132	8.0	0.0	5.0	0.0	1.0	-0.5190940972788346	0.3808080808080809	0.5555555555555556	0.7303030303030305	0.9657398910866968	0.0	0.0	0.0	128
1.4026911725731355	1.3724055377271644	0.5882495964563317	0.5772037545515541	0.7056565656565658	-0.11589250339618196	17.0	0.0	10.0	0.0	3.0	-1.1645377807089743	1.2313131313131311	1.1414141414141414	1.0515151515151515	1.9314797821733936	0.0	0.0	0.0	105
1.456812522224161	1.4218876372101144	1.382632398301213	1.3543189387824361	0.8511111111111114	0.7073198026367041	29.0	0.0	11.0	0.0	5.0	0.6214428893617523	1.4501010101010101	2.04040404040404	2.6307070707070705	2.124627760390733	0.1	1.0	0.18181818181818182	122
1.280192013892186	1.2591029260400894	0.7036205933833724	0.6930522722117199	0.7404040404040405	0.23046690522194452	15.0	0.0	8.0	0.0	3.0	-0.7135014845598115	0.788080808080808	0.9393939393939393	1.0907070707070707	1.545183825738715	0.0	0.0	0.0	118
1.4026911725731355	1.3724055377271644	0.7965385505906292	0.7815815681228344	0.7442424242424244	0.48127942983403155	16.0	0.0	10.0	0.0	3.0	-0.6718083509456968	0.6771717171717172	1.0505050505050506	1.4238383838383837	1.9314797821733936	0.2222222222222222	2.0	0.3	122
1.280192013892186	1.2591029260400894	0.6495360321212684	0.639780056436972	0.7048484848484848	0.05661670301847485	14.0	0.0	8.0	0.0	3.0	-0.8451227625889093	0.9325252525252526	0.9696969696969698	1.006868686868687	1.545183825738715	0.0	0.0	0.0	109
1.1322512091154782	1.119995944426637	0.5617682921161183	0.5557588325431518	0.576969696969697	-0.3357107752308784	11.0	0.0	6.0	0.0	2.0	-0.8321651800068857	1.0884848484848484	0.9090909090909091	0.7296969696969697	1.158887869304036	0.0	0.0	0.0	95
1.344073735825258	1.3184101303266593	0.708081455152023	0.6960708698854535	0.7618181818181818	0.3536136885552831	19.0	0.0	9.0	0.0	3.0	-0.7978120480356533	0.675959595959596	0.9292929292929292	1.1826262626262627	1.7383318039560542	0.0	0.0	0.0	97
1.2100396725572446	1.1934377579838085	0.6371962523216307	0.6289528711491631	0.6593939393939396	0.23729077012505953	15.0	0.0	7.0	0.0	2.0	-0.7679651041646629	0.6262626262626263	0.7676767676767677	0.9090909090909092	1.3520358475213754	0.0	0.0	0.0	114
0.8277465128678779	0.8267906928265433	0.8621452505402197	0.8596969265186607	0.6147474747474748	0.3069114507893431	7.0	0.0	3.0	0.0	2.0	0.5291024426447811	0.5426262626262627	0.6464646464646464	0.7503030303030302	0.579443934652018	0.0	0.0	0.0	119
1.0448862968084678	1.0367645284728637	0.8230731495489357	0.816255743669269	0.6618181818181819	0.2776927202138512	8.0	0.0	5.0	0.0	1.0	-0.014437049272628275	0.6973737373737374	0.8282828282828283	0.9591919191919193	0.9657398910866968	0.0	0.0	0.0	97
1.280192013892186	1.2591029260400894	0.9766498845739938	0.961980686785447	0.750909090909091	0.675092643600729	15.0	0.0	8.0	0.0	3.0	-0.04905190029243876	0.6274747474747474	1.0707070707070707	1.513939393939394	1.545183825738715	0.0	0.0	0.0	114
1.344073735825258	1.3184101303266593	0.6819547735133423	0.6703873529918324	0.7527272727272728	0.15170986000218678	18.0	0.0	9.0	0.0	3.0	-0.8604596447435205	0.9216161616161617	1.0303030303030303	1.138989898989899	1.7383318039560542	0.0	0.0	0.0	109
1.344073735825258	1.3184101303266593	1.2407754641184578	1.2197292421053951	0.8450505050505052	-0.01184352066931484	21.0	0.0	9.0	0.0	4.0	0.4795028403969716	2.089292929292929	2.0808080808080804	2.0723232323232326	1.7383318039560542	0.125	1.0	0.2222222222222222	103
1.2100396725572446	1.1934377579838085	0.7613787219407573	0.7515287973709	0.6868686868686871	0.38203813990134583	15.0	0.0	7.0	0.0	4.0	-0.4607899127855002	0.630909090909091	0.8585858585858586	1.0862626262626263	1.3520358475213754	0.0	0.0	0.0	116
1.280192013892186	1.2591029260400894	0.6013160618393925	0.5922843459871968	0.6919191919191919	0.25046737096216665	12.0	0.0	8.0	0.0	1.0	-0.9624718538437675	0.6032323232323232	0.7676767676767676	0.9321212121212121	1.545183825738715	0.0	0.0	0.0	106
1.0448862968084678	1.0367645284728637	0.6679235141558655	0.6623911921562118	0.5874747474747476	-0.12727583009801496	9.0	0.0	5.0	0.0	2.0	-0.4130849380330474	0.8983838383838384	0.8383838383838383	0.7783838383838384	0.9657398910866968	0.0	0.0	0.0	124
1.5070406700472805	1.4674825756639511	0.6885306857666559	0.6733319811313246	0.7876767676767678	0.2083406501828673	22.0	0.0	12.0	0.0	3.0	-1.065193952726164	1.0159595959595957	1.202020202020202	1.3880808080808082	2.317775738608072	0.0	0.0	0.0	121
0.8277465128678779	0.8267906928265433	0.6316363022940059	0.629842578636854	0.5103030303030303	-0.6144200055685488	4.0	0.0	3.0	0.0	0.0	-0.09211796281031964	0.9654545454545455	0.7575757575757576	0.5496969696969697	0.579443934652018	0.0	0.0	0.0	124
1.4026911725731355	1.3724055377271644	0.9312539240730401	0.9137673270902608	0.8541414141414143	0.32293641395790057	23.0	0.0	10.0	0.0	2.0	-0.3531249650109014	1.1636363636363634	1.4141414141414141	1.664646464646465	1.9314797821733936	0.0	0.0	0.0	104
0.8277465128678779	0.8267906928265433	0.8196647495039084	0.8173370618032826	0.6058585858585859	0.22749662013762575	5.0	0.0	3.0	0.0	1.0	0.4146177153554728	0.5593939393939393	0.6363636363636365	0.7133333333333334	0.579443934652018	0.0	0.0	0.0	118
1.1322512091154782	1.119995944426637	0.7725091658197011	0.7642453270326233	0.634949494949495	0.27106376783844616	9.0	0.0	6.0	0.0	2.0	-0.3014113567097821	0.7137373737373738	0.8585858585858586	1.0034343434343436	1.158887869304036	0.2	1.0	0.3333333333333333	120
1.280192013892186	1.2591029260400894	0.8289925161162496	0.8165411193811354	0.7587878787878788	0.46493390359193315	17.0	0.0	8.0	0.0	4.0	-0.4083938472971803	0.6745454545454546	0.9797979797979798	1.285050505050505	1.545183825738715	0.0	0.0	0.0	112
1.344073735825258	1.3184101303266593	0.7404978934814973	0.7279374556608724	0.7775757575757576	0.23179461881375055	17.0	0.0	9.0	0.0	4.0	-0.7200826224907069	0.9046464646464646	1.0707070707070705	1.236767676767677	1.7383318039560542	0.0	0.0	0.0	101
1.280192013892186	1.2591029260400894	0.6080929225276561	0.5989594188071652	0.6814141414141416	0.11261800709109687	16.0	0.0	8.0	0.0	3.0	-0.9459795491268687	0.7947474747474748	0.8686868686868687	0.9426262626262626	1.545183825738715	0.0	0.0	0.0	110
1.1322512091154782	1.119995944426637	0.5597464239551245	0.5537585931126255	0.5624242424242424	-0.5485544311486538	8.0	0.0	6.0	0.0	1.0	-0.8372572831086291	1.3133333333333335	1.02020202020202	0.7270707070707071	1.158887869304036	0.0	0.0	0.0	116
1.0448862968084678	1.0367645284728637	0.9886238778175191	0.9804352371832017	0.7442424242424241	0.4083968554996918	9.0	0.0	5.0	0.0	2.0	0.41093583761698116	0.7670707070707071	0.9595959595959597	1.1521212121212123	0.9657398910866968	0.0	0.0	0.0	131
1.0448862968084678	1.0367645284728637	0.7845891059095372	0.7780904582660302	0.6896969696969698	-0.07456563783520076	11.0	0.0	5.0	0.0	2.0	-0.11331954235063181	0.9846464646464647	0.9494949494949495	0.9143434343434343	0.9657398910866968	0.0	0.0	0.0	130
1.456812522224161	1.4218876372101144	1.1663505525525129	1.142466099103445	0.88	-0.28200806641744003	25.0	0.0	11.0	0.0	3.0	0.1161205820462001	2.6898989898989902	2.454545454545454	2.219191919191919	2.124627760390733	0.0	0.0	0.0	131
1.280192013892186	1.2591029260400894	0.6611348898377196	0.651204700301918	0.6987878787878788	0.13015687704790702	14.0	0.0	8.0	0.0	2.0	-0.8168955487465245	0.853939393939394	0.9393939393939396	1.024848484848485	1.545183825738715	0.14285714285714285	1.0	0.25	120
1.1322512091154782	1.119995944426637	0.671415757770012	0.6642333555063086	0.6492929292929294	0.28996640157892345	11.0	0.0	6.0	0.0	3.0	-0.5560165117969534	0.5622222222222222	0.7171717171717172	0.8721212121212123	1.158887869304036	0.0	0.0	0.0	133
0.8277465128678779	0.8267906928265433	0.7145080993976296	0.7124790360324281	0.5612121212121213	0.22570530816803847	4.0	0.0	3.0	0.0	0.0	0.13122109534423332	0.4690909090909091	0.5454545454545454	0.6218181818181818	0.579443934652018	0.0	0.0	0.0	119
0.9450083143897742	0.9407041938880998	0.6807690418019559	0.6769077195431011	0.575959595959596	-0.2733655551420511	9.0	0.0	4.0	0.0	2.0	-0.19409235352313184	0.9191919191919191	0.8080808080808081	0.696969696969697	0.7725919128693575	0.0	0.0	0.0	137
1.5070406700472805	1.4674825756639511	0.7017581709247404	0.6862674812782225	0.8103030303030304	0.2608216825850662	22.0	0.0	12.0	0.0	3.0	-1.0346407345252344	0.9488888888888889	1.1818181818181817	1.4147474747474749	2.317775738608072	0.0	0.0	0.0	114
1.1322512091154782	1.119995944426637	0.9112404273278896	0.9014925248810427	0.7513131313131314	-0.11001332836957811	14.0	0.0	6.0	0.0	4.0	0.04798525611753589	1.301212121212121	1.2424242424242422	1.1836363636363636	1.158887869304036	0.0	0.0	0.0	103
1.280192013892186	1.2591029260400894	0.5941482284191136	0.5852241728122303	0.6218181818181818	-0.0895405466216098	12.0	0.0	8.0	0.0	2.0	-0.9799156376789492	1.0385858585858585	0.9797979797979798	0.9210101010101011	1.545183825738715	0.0	0.0	0.0	111
1.2100396725572446	1.1934377579838085	0.7875745678695356	0.7773857487403656	0.7020202020202021	0.22440927117541354	11.0	0.0	7.0	0.0	3.0	-0.3959924094729057	0.8561616161616161	0.98989898989899	1.1236363636363638	1.3520358475213754	0.16666666666666666	1.0	0.2857142857142857	136
1.5070406700472805	1.4674825756639511	0.937548114689686	0.9168525710179993	0.8054545454545456	0.6686807404349132	24.0	0.0	12.0	0.0	7.0	-0.4900064737162368	0.6957575757575758	1.292929292929293	1.8901010101010103	2.317775738608072	0.0	0.0	0.0	107
1.456812522224161	1.4218876372101144	0.7430242300193434	0.7278086264475112	0.8105050505050505	0.023722566960437185	22.0	0.0	11.0	0.0	2.0	-0.872941783818849	1.3741414141414139	1.393939393939394	1.413737373737374	2.124627760390733	0.0	0.0	0.0	115
1.1322512091154782	1.119995944426637	1.0378404798701157	1.0267382861463046	0.6715151515151515	-0.10472059092224441	9.0	0.0	6.0	0.0	1.0	0.36682925033439395	1.46	1.404040404040404	1.3480808080808082	1.158887869304036	0.2	1.0	0.3333333333333333	111
1.1322512091154782	1.119995944426637	0.7177631971527924	0.7100849978368342	0.6957575757575759	0.13798922630548482	12.0	0.0	6.0	0.0	2.0	-0.43928984069545074	0.7848484848484848	0.8585858585858586	0.9323232323232322	1.158887869304036	0.0	0.0	0.0	117
1.0448862968084678	1.0367645284728637	1.321632201381863	1.3106852969112273	0.7901010101010102	0.09599254525910916	9.0	0.0	5.0	0.0	2.0	1.2665811943865508	1.4496969696969697	1.494949494949495	1.5402020202020203	0.9657398910866968	0.0	0.0	0.0	122
1.0448862968084678	1.0367645284728637	0.6401872664878305	0.6348846801538776	0.6185858585858587	0.061280955232377796	9.0	0.0	5.0	0.0	1.0	-0.4843515997108877	0.6882828282828284	0.7171717171717171	0.7460606060606061	0.9657398910866968	0.0	0.0	0.0	125
1.0448862968084678	1.0367645284728637	0.6495482500757924	0.6441681279546654	0.6151515151515152	-0.08699324414106764	10.0	0.0	5.0	0.0	2.0	-0.46029910139461644	0.8389898989898991	0.7979797979797981	0.7569696969696971	0.9657398910866968	0.0	0.0	0.0	112
1.280192013892186	1.2591029260400894	0.6757312051662874	0.6655817802218499	0.6723232323232323	-0.050770413032871754	20.0	0.0	8.0	0.0	4.0	-0.7813736616639729	1.1141414141414137	1.0808080808080809	1.0474747474747474	1.545183825738715	0.0	0.0	0.0	112
1.1322512091154782	1.119995944426637	0.7006550819443834	0.6931598949631502	0.6735353535353537	0.3610403044431181	12.0	0.0	6.0	0.0	2.0	-0.48237686694097187	0.5242424242424243	0.7171717171717172	0.9101010101010101	1.158887869304036	0.0	0.0	0.0	116
1.2100396725572446	1.1934377579838085	1.1360501183058762	1.1213530856066078	0.712929292929293	0.1603407632416478	12.0	0.0	7.0	0.0	2.0	0.46598951297192864	1.4296969696969697	1.525252525252525	1.620808080808081	1.3520358475213754	0.0	0.0	0.0	124
1.280192013892186	1.2591029260400894	0.574078294842333	0.5654556879223238	0.667878787878788	-0.3523158965008363	12.0	0.0	8.0	0.0	2.0	-1.0287582324174576	1.3525252525252525	1.1212121212121213	0.88989898989899	1.545183825738715	0.0	0.0	0.0	87
