1.280192013892186	1.2591029260400894	0.5494470127253748	0.5411943655574387	0.5795959595959597	0.5587822428345144	16.0	0.0	8.0	0.0	3.0	-1.0887014168692635	0.11797979797979799	0.48484848484848475	0.8517171717171719	1.545183825738715	0.0	0.0	0.0	186
1.1322512091154782	1.119995944426637	1.2778206777480698	1.2641513200926178	0.6743434343434344	-0.22078276208877615	11.0	0.0	6.0	0.0	3.0	0.9712227184874791	1.8957575757575758	1.777777777777778	1.6597979797979798	1.158887869304036	0.0	0.0	0.0	183
1.344073735825258	1.3184101303266593	0.961607032534777	0.9452961078902214	0.8490909090909091	0.5498777453610858	25.0	0.0	9.0	0.0	5.0	-0.1898983318333865	0.8181818181818183	1.2121212121212124	1.6060606060606064	1.7383318039560542	0.0	0.0	0.0	198
1.2100396725572446	1.1934377579838085	0.6516393673742544	0.6432091362285443	0.6896969696969697	0.4074621509861738	13.0	0.0	7.0	0.0	2.0	-0.7322389131490702	0.44404040404040407	0.686868686868687	0.9296969696969699	1.3520358475213754	0.0	0.0	0.0	190
1.0448862968084678	1.0367645284728637	0.433898924456821	0.4303049971365165	0.39757575757575775	0.4941044851953247	10.0	0.0	5.0	0.0	2.0	-1.0143973959398247	0.0397979797979798	0.2727272727272727	0.5056565656565657	0.9657398910866968	0.0	0.0	0.0	176
1.7485920653932048	1.6821281726900563	0.5458971934252963	0.5295666070388992	0.7173737373737373	0.5568209531589303	31.0	0.0	18.0	0.0	6.0	-1.6554319717135386	0.07757575757575755	0.7676767676767675	1.457777777777778	3.4766636079121085	0.058823529411764705	1.0	0.1111111111111111	202
1.2100396725572446	1.1934377579838085	0.6165227739129734	0.6085468446629902	0.6624242424242424	0.4928868282311952	13.0	0.0	7.0	0.0	2.0	-0.8191025932654128	0.29212121212121217	0.5858585858585859	0.8795959595959597	1.3520358475213754	0.0	0.0	0.0	195
1.5538594577875808	1.509692160062358	0.6008017743126965	0.5866376815190514	0.6911111111111111	-1.0134297429712966	24.0	0.0	13.0	0.0	5.0	-1.3239070253201186	3.206464646464647	2.2424242424242418	1.2783838383838386	2.5109237168254115	0.0	0.0	0.0	184
1.4026911725731355	1.3724055377271644	0.38120382110417034	0.3740457760043021	0.4919191919191918	0.4226820966561872	12.0	0.0	10.0	0.0	1.0	-1.6543263403000348	0.02565656565656566	0.3535353535353535	0.6814141414141415	1.9314797821733936	0.1111111111111111	1.0	0.2	178
1.344073735825258	1.3184101303266593	0.6215973006536124	0.6110536727607355	0.6422222222222222	0.6454718764777055	19.0	0.0	9.0	0.0	3.0	-1.0051871945454913	0.11333333333333336	0.5757575757575757	1.0381818181818183	1.7383318039560542	0.0	0.0	0.0	181
1.2100396725572446	1.1934377579838085	0.43088626573660493	0.4253119082015341	0.49616161616161625	0.47220863254886863	11.0	0.0	7.0	0.0	1.0	-1.2782892248481752	0.051919191919191914	0.33333333333333326	0.6147474747474748	1.3520358475213754	0.0	0.0	0.0	191
1.8124756282373082	1.7375595813412361	0.5806558372105519	0.5620666837360843	0.8583838383838386	0.5796339693899857	32.0	0.0	20.0	0.0	5.0	-1.6409443463729145	0.10424242424242422	0.8888888888888888	1.6735353535353539	3.862959564346787	0.0	0.0	0.0	161
1.714029370941514	1.6518999741051856	1.210648856228603	1.1758039790729997	0.949090909090909	-0.04905079327112567	56.0	0.0	17.0	0.0	10.0	-0.1547908577563557	3.219595959595961	3.161616161616161	3.103636363636364	3.283515629694769	0.0	0.0	0.0	177
1.5538594577875808	1.509692160062358	0.9347176782725186	0.9126814119081954	0.9139393939393939	0.444915195206385	33.0	0.0	13.0	0.0	4.0	-0.5607328316555587	1.1424242424242423	1.5656565656565657	1.9888888888888892	2.5109237168254115	0.0	0.0	0.0	205
1.6387838212406702	1.5855225976238962	0.735054863349316	0.7157046703121135	0.8406060606060608	0.6516938716858335	34.0	0.0	15.0	0.0	4.0	-1.119171338315724	0.334949494949495	1.0303030303030305	1.725656565656566	2.8972196732600906	0.0	0.0	0.0	187
1.456812522224161	1.4218876372101144	0.6748588176626102	0.6610391011289484	0.6985858585858588	0.6913433799898793	23.0	0.0	11.0	0.0	5.0	-1.0322038954028376	0.1301010101010101	0.7070707070707071	1.284040404040404	2.124627760390733	0.0	0.0	0.0	171
1.5976643994105224	1.5489258089934743	0.5471358480139494	0.5334630402628592	0.6482828282828285	0.5528765878352876	23.0	0.0	14.0	0.0	3.0	-1.4959069467880701	0.10868686868686868	0.6666666666666667	1.2246464646464648	2.704071695042751	0.07692307692307693	1.0	0.14285714285714285	181
1.5070406700472805	1.4674825756639511	0.9155023060928785	0.895293404106503	0.8664646464646466	-0.014477526179916277	27.0	0.0	12.0	0.0	5.0	-0.5409285040511196	1.8715151515151514	1.8585858585858583	1.845656565656566	2.317775738608072	0.0	0.0	0.0	177
1.4026911725731355	1.3724055377271644	0.5976299454488151	0.586407964278313	0.681010101010101	0.5958697702707064	17.0	0.0	10.0	0.0	3.0	-1.142347578500427	0.14383838383838388	0.6060606060606061	1.0682828282828285	1.9314797821733936	0.0	0.0	0.0	177
1.5538594577875808	1.509692160062358	0.4119593708506306	0.4022472977419665	0.6236363636363637	0.44364097507691574	19.0	0.0	13.0	0.0	2.0	-1.7555116517627714	0.03252525252525253	0.4545454545454545	0.8765656565656568	2.5109237168254115	0.0	0.0	0.0	165
1.5538594577875808	1.509692160062358	0.7973345923953896	0.7785371759476918	0.7731313131313132	-0.2552687659370282	26.0	0.0	13.0	0.0	7.0	-0.8747257398820637	2.182222222222223	1.9393939393939394	1.6965656565656568	2.5109237168254115	0.0	0.0	0.0	176
1.5538594577875808	1.509692160062358	0.4769006498692595	0.4656575654662128	0.6438383838383839	0.5039540612051319	18.0	0.0	13.0	0.0	3.0	-1.6070865313571534	0.05595959595959595	0.5353535353535354	1.0147474747474747	2.5109237168254115	0.08333333333333333	1.0	0.15384615384615385	182
1.7485920653932048	1.6821281726900563	0.7235256039245476	0.7018812402605368	0.805858585858586	0.7113485478880482	34.0	0.0	18.0	0.0	8.0	-1.266483139112997	0.16888888888888892	1.0505050505050504	1.9321212121212128	3.4766636079121085	0.0	0.0	0.0	199
1.6387838212406702	1.5855225976238962	0.7492534178392055	0.7295294502935578	0.8256565656565659	0.6924010716894518	30.0	0.0	15.0	0.0	3.0	-1.0873286564874267	0.2814141414141415	1.02020202020202	1.758989898989899	2.8972196732600906	0.0	0.0	0.0	202
1.456812522224161	1.4218876372101144	1.1451152216002596	1.1216656239263227	0.8797979797979799	-0.06414775759709962	32.0	0.0	11.0	0.0	7.0	0.06650621706676468	2.285858585858586	2.232323232323232	2.1787878787878787	2.124627760390733	0.0	0.0	0.0	164
1.4026911725731355	1.3724055377271644	0.5041655042827465	0.49469854929000645	0.6147474747474748	0.5237299423139818	17.0	0.0	10.0	0.0	2.0	-1.363447545084383	0.08868686868686869	0.4949494949494949	0.9012121212121214	1.9314797821733936	0.0	0.0	0.0	214
1.4026911725731355	1.3724055377271644	0.7009268006190528	0.6877651653657522	0.6933333333333335	0.7297321225080944	19.0	0.0	10.0	0.0	3.0	-0.8979880023725725	0.12080808080808081	0.6868686868686867	1.2529292929292932	1.9314797821733936	0.0	0.0	0.0	196
1.4026911725731355	1.3724055377271644	0.6599019008085535	0.6475106095728195	0.56989898989899	0.7003032396232208	16.0	0.0	10.0	0.0	4.0	-0.9950367180557358	0.09313131313131315	0.6363636363636364	1.1795959595959598	1.9314797821733936	0.0	0.0	0.0	189
1.456812522224161	1.4218876372101144	0.746846589590749	0.7315527119793932	0.7791919191919193	0.6376045038141958	23.0	0.0	11.0	0.0	3.0	-0.8640111981225506	0.35676767676767684	0.8888888888888888	1.4210101010101013	2.124627760390733	0.0	0.0	0.0	178
1.8972230363662341	1.8101965717531647	0.9653100372562152	0.931715673355261	0.9644444444444444	0.625569870636732	54.0	0.0	23.0	0.0	8.0	-0.9014150424178938	1.177575757575757	2.131313131313131	3.0850505050505044	4.4424034989988055	0.045454545454545456	1.0	0.08695652173913043	224
1.344073735825258	1.3184101303266593	0.7550127166140977	0.7422060761573285	0.7337373737373737	0.74501384781743	21.0	0.0	9.0	0.0	2.0	-0.6852784020974474	0.19353535353535353	0.7272727272727274	1.2610101010101011	1.7383318039560542	0.0	0.0	0.0	170
1.4026911725731355	1.3724055377271644	0.8990442919904167	0.8821625105586195	0.8323232323232325	0.470080828382266	28.0	0.0	10.0	0.0	5.0	-0.4293202376547073	0.8777777777777779	1.2424242424242427	1.6070707070707073	1.9314797821733936	0.0	0.0	0.0	174
1.6387838212406702	1.5855225976238962	0.7882349038023572	0.7674847553335237	0.8882828282828283	0.37109819538182304	36.0	0.0	15.0	0.0	6.0	-0.9999060209224635	1.0585858585858579	1.4545454545454544	1.8505050505050509	2.8972196732600906	0.0	0.0	0.0	192
1.5976643994105224	1.5489258089934743	0.6851382748719714	0.6680168160071536	0.7662626262626263	0.008207074620292265	33.0	0.0	14.0	0.0	7.0	-1.1835768437312462	1.516969696969697	1.5252525252525255	1.533535353535354	2.704071695042751	0.0	0.0	0.0	181
1.2100396725572446	1.1934377579838085	0.5787157962752233	0.5712289743081399	0.5981818181818183	0.6227187781710493	13.0	0.0	7.0	0.0	3.0	-0.9126211521003461	0.08343434343434343	0.4545454545454545	0.8256565656565658	1.3520358475213754	0.0	0.0	0.0	197
1.1322512091154782	1.119995944426637	0.3426288891284077	0.3389636511884173	0.38707070707070695	0.3980894665744539	8.0	0.0	6.0	0.0	1.0	-1.3840708161881543	0.0195959595959596	0.23232323232323232	0.44505050505050503	1.158887869304036	0.0	0.0	0.0	170
1.5538594577875808	1.509692160062358	0.5463992116260381	0.5335176765395292	0.6804040404040405	0.5744609083691035	24.0	0.0	13.0	0.0	3.0	-1.4482456130283339	0.06969696969696969	0.616161616161616	1.162626262626263	2.5109237168254115	0.0	0.0	0.0	206
1.5538594577875808	1.509692160062358	0.6822632032571172	0.6661786313836763	0.7945454545454546	0.6128998822747623	24.0	0.0	13.0	0.0	4.0	-1.137724637442896	0.2856565656565657	0.8686868686868687	1.451717171717172	2.5109237168254115	0.08333333333333333	1.0	0.15384615384615385	176
1.5070406700472805	1.4674825756639511	0.6023516157973177	0.5890552377500209	0.6694949494949496	-0.23503358907708854	26.0	0.0	12.0	0.0	4.0	-1.2642527985807062	1.6341414141414137	1.4242424242424243	1.2143434343434347	2.317775738608072	0.09090909090909091	1.0	0.16666666666666666	178
1.5538594577875808	1.509692160062358	0.8248681756050422	0.8054216461816558	0.8822222222222224	0.4859026093709829	33.0	0.0	13.0	0.0	4.0	-0.8117969607627228	0.8307070707070707	1.2929292929292928	1.7551515151515154	2.5109237168254115	0.0	0.0	0.0	205
1.6387838212406702	1.5855225976238962	0.8859898001691122	0.8626662708421352	0.9004040404040404	-1.079971482886691	35.0	0.0	15.0	0.0	6.0	-0.7806739811833955	4.384646464646465	3.232323232323232	2.08	2.8972196732600906	0.0	0.0	0.0	182
1.280192013892186	1.2591029260400894	0.8753879469820546	0.8622396948409192	0.741818181818182	-0.04092402989922386	20.0	0.0	8.0	0.0	5.0	-0.2954849919276407	1.4107070707070704	1.383838383838384	1.3569696969696972	1.545183825738715	0.0	0.0	0.0	186
1.344073735825258	1.3184101303266593	0.5752708234887294	0.5655129923428796	0.6416161616161616	0.5797685356217398	17.0	0.0	9.0	0.0	3.0	-1.116270664633978	0.13010101010101013	0.5454545454545454	0.9608080808080809	1.7383318039560542	0.0	0.0	0.0	177
1.8420829417013262	1.7630533613550399	0.7466897031856382	0.7220579811046869	0.9125252525252525	0.4999204817915711	43.0	0.0	21.0	0.0	6.0	-1.3119781133801465	0.8200000000000002	1.5252525252525253	2.2305050505050503	4.056107542564127	0.05	1.0	0.09523809523809523	175
1.280192013892186	1.2591029260400894	0.5757725100143988	0.5671244561273159	0.6072727272727273	0.6209375363656658	17.0	0.0	8.0	0.0	3.0	-1.024635156238233	0.07717171717171718	0.48484848484848486	0.8925252525252525	1.545183825738715	0.0	0.0	0.0	190
1.280192013892186	1.2591029260400894	0.49210434536314396	0.4847129801577059	0.49131313131313153	0.5464742639174544	16.0	0.0	8.0	0.0	4.0	-1.2282516875507168	0.04525252525252525	0.40404040404040403	0.7628282828282829	1.545183825738715	0.0	0.0	0.0	190
0.9450083143897742	0.9407041938880998	0.4224714546370978	0.4200751963889216	0.3808080808080808	0.4925550275377687	6.0	0.0	4.0	0.0	1.0	-0.8728167731624904	0.03212121212121213	0.23232323232323232	0.43252525252525253	0.7725919128693575	0.0	0.0	0.0	192
1.280192013892186	1.2591029260400894	0.715871072319849	0.7051187500016629	0.6907070707070707	0.7209398650667771	18.0	0.0	8.0	0.0	2.0	-0.6836884721869555	0.16303030303030303	0.6363636363636362	1.1096969696969698	1.545183825738715	0.0	0.0	0.0	177
1.5070406700472805	1.4674825756639511	0.9481701861045114	0.9272401696208112	0.9006060606060606	0.5343112005775594	35.0	0.0	12.0	0.0	5.0	-0.4654713136457931	0.9571717171717172	1.4343434343434345	1.9115151515151518	2.317775738608072	0.0	0.0	0.0	181
1.5070406700472805	1.4674825756639511	0.8109851316998321	0.7930833537033635	0.8428282828282829	0.7336033968979784	27.0	0.0	12.0	0.0	6.0	-0.7823452205933146	0.3246464646464647	0.9797979797979798	1.6349494949494952	2.317775738608072	0.09090909090909091	1.0	0.16666666666666666	192
1.4026911725731355	1.3724055377271644	0.5463205666224606	0.536062046013874	0.667878787878788	0.5557631511178706	17.0	0.0	10.0	0.0	2.0	-1.2637253110628404	0.11434343434343433	0.5454545454545454	0.9765656565656569	1.9314797821733936	0.0	0.0	0.0	198
1.5976643994105224	1.5489258089934743	0.5980406019367254	0.5830956952790671	0.7630303030303032	0.6057221414879003	24.0	0.0	14.0	0.0	5.0	-1.3806981971974563	0.11595959595959596	0.7272727272727273	1.3385858585858588	2.704071695042751	0.0	0.0	0.0	161
1.4026911725731355	1.3724055377271644	0.5245084298086138	0.5146594860468324	0.6533333333333334	0.544564549666104	17.0	0.0	10.0	0.0	4.0	-1.3153242149935584	0.09272727272727274	0.5151515151515152	0.9375757575757575	1.9314797821733936	0.0	0.0	0.0	184
1.677493858525589	1.619766930936421	1.021756978812852	0.9935698146664873	0.8375757575757578	0.003952065672779604	37.0	0.0	16.0	0.0	7.0	-0.5259121447861932	2.500606060606061	2.5050505050505047	2.5094949494949494	3.09036765147743	0.0	0.0	0.0	211
1.5070406700472805	1.4674825756639511	0.45955490102254165	0.4494106338914648	0.549090909090909	0.49449800358278767	19.0	0.0	12.0	0.0	2.0	-1.5940886768861982	0.04323232323232323	0.48484848484848486	0.9264646464646465	2.317775738608072	0.0	0.0	0.0	204
1.2100396725572446	1.1934377579838085	0.49757947347960235	0.4911423087151465	0.503838383838384	0.5471247185454945	13.0	0.0	7.0	0.0	2.0	-1.1133182839820568	0.057777777777777775	0.38383838383838387	0.70989898989899	1.3520358475213754	0.0	0.0	0.0	192
1.5538594577875808	1.509692160062358	0.5393734007380578	0.5266575013763798	0.6575757575757576	0.5587455267723147	23.0	0.0	13.0	0.0	4.0	-1.464303301493269	0.08464646464646464	0.6161616161616161	1.147676767676768	2.5109237168254115	0.0	0.0	0.0	193
1.344073735825258	1.3184101303266593	0.8488752395382471	0.8344764887010785	0.7420202020202022	0.5690529693018828	17.0	0.0	9.0	0.0	4.0	-0.46021111022103567	0.6024242424242425	1.0101010101010102	1.417777777777778	1.7383318039560542	0.125	1.0	0.2222222222222222	200
1.456812522224161	1.4218876372101144	0.9386016280895964	0.919381002828808	0.8616161616161617	0.735883709793149	30.0	0.0	11.0	0.0	5.0	-0.41599348235824674	0.5575757575757576	1.1717171717171717	1.785858585858586	2.124627760390733	0.0	0.0	0.0	195
1.5070406700472805	1.4674825756639511	0.623896383289652	0.6101244235953467	0.6646464646464646	0.639273265381957	19.0	0.0	12.0	0.0	5.0	-1.214488087117071	0.11595959595959596	0.686868686868687	1.2577777777777779	2.317775738608072	0.09090909090909091	1.0	0.16666666666666666	211
1.5976643994105224	1.5489258089934743	0.6004775316457945	0.5854717266362262	0.7422222222222223	0.6211354279699127	26.0	0.0	14.0	0.0	5.0	-1.3751828847170542	0.09030303030303027	0.7171717171717171	1.3440404040404046	2.704071695042751	0.0	0.0	0.0	181
1.280192013892186	1.2591029260400894	0.7303370634044116	0.7193674631365953	0.7393939393939394	0.3704701654034994	18.0	0.0	8.0	0.0	3.0	-0.6484837448104983	0.6456565656565657	0.8888888888888888	1.132121212121212	1.545183825738715	0.0	0.0	0.0	190
1.714029370941514	1.6518999741051856	0.7513855916253162	0.7297592228380559	0.82989898989899	0.6639802503774456	35.0	0.0	17.0	0.0	5.0	-1.167952044708904	0.35656565656565664	1.1414141414141414	1.9262626262626268	3.283515629694769	0.0	0.0	0.0	187
1.456812522224161	1.4218876372101144	0.587900137413133	0.5758611552786324	0.6781818181818182	0.626227354353578	23.0	0.0	11.0	0.0	4.0	-1.2353747199936265	0.07333333333333335	0.5959595959595958	1.1185858585858588	2.124627760390733	0.0	0.0	0.0	178
1.5976643994105224	1.5489258089934743	0.8135734962054999	0.7932424686455647	0.8854545454545455	0.723423601895992	35.0	0.0	14.0	0.0	4.0	-0.8928994489308144	0.3608080808080809	1.090909090909091	1.8210101010101014	2.704071695042751	0.0	0.0	0.0	185
1.344073735825258	1.3184101303266593	0.7890015941162704	0.7756184291531967	0.7448484848484851	0.8101532114986667	23.0	0.0	9.0	0.0	4.0	-0.6037785193432313	0.15696969696969695	0.7373737373737372	1.317777777777778	1.7383318039560542	0.0	0.0	0.0	199
1.714029370941514	1.6518999741051856	0.9500476866947885	0.9227034284777765	0.9284848484848485	0.5052060798238677	42.0	0.0	17.0	0.0	6.0	-0.7296920323020113	1.2412121212121212	1.8383838383838387	2.4355555555555553	3.283515629694769	0.0625	1.0	0.11764705882352941	162
1.280192013892186	1.2591029260400894	0.6288144773244623	0.6193697376220686	0.6563636363636364	-0.8384810637246972	15.0	0.0	8.0	0.0	4.0	-0.8955511558578889	2.075757575757576	1.525252525252525	0.9747474747474748	1.545183825738715	0.0	0.0	0.0	196
1.677493858525589	1.619766930936421	0.9163075788097869	0.8910294425522999	0.8915151515151515	0.7077790341250351	40.0	0.0	16.0	0.0	5.0	-0.7603971408806477	0.6585858585858586	1.4545454545454544	2.250505050505051	3.09036765147743	0.0	0.0	0.0	183
1.7485920653932048	1.6821281726900563	1.2391624207741616	1.2020927138715585	0.9440404040404041	0.3879490247418771	43.0	0.0	18.0	0.0	8.0	-0.13740509694720127	2.347474747474748	2.828282828282828	3.309090909090908	3.4766636079121085	0.058823529411764705	1.0	0.1111111111111111	183
1.344073735825258	1.3184101303266593	0.5537405025087055	0.5443478719398029	0.6577777777777778	-0.11899918386788608	17.0	0.0	9.0	0.0	3.0	-1.1678969248839794	1.0953535353535353	1.0101010101010102	0.924848484848485	1.7383318039560542	0.0	0.0	0.0	180
1.677493858525589	1.619766930936421	0.5611355747433003	0.5456555527012379	0.7810101010101012	0.5787979817134168	28.0	0.0	16.0	0.0	5.0	-1.5501835785841234	0.07636363636363636	0.7272727272727273	1.3781818181818184	3.09036765147743	0.0	0.0	0.0	176
1.5070406700472805	1.4674825756639511	0.7507599909421898	0.7341876295496848	0.8242424242424243	-0.7483071344244558	31.0	0.0	12.0	0.0	6.0	-0.9214549489172447	2.8501010101010107	2.1818181818181817	1.5135353535353537	2.317775738608072	0.0	0.0	0.0	190
1.456812522224161	1.4218876372101144	0.7319818579241717	0.7169923793554076	0.7496969696969699	0.7247486273423318	18.0	0.0	11.0	0.0	4.0	-0.8987412536081554	0.18303030303030304	0.7878787878787878	1.392727272727273	2.124627760390733	0.1	1.0	0.18181818181818182	191
1.280192013892186	1.2591029260400894	1.112969043803297	1.0962523438948117	0.8242424242424243	0.9661763449891932	24.0	0.0	8.0	0.0	5.0	0.28269715228210673	0.4565656565656566	1.0909090909090908	1.7252525252525255	1.545183825738715	0.0	0.0	0.0	215
1.4026911725731355	1.3724055377271644	0.5419129327585227	0.5317371763832281	0.6860606060606061	0.5586279096287873	17.0	0.0	10.0	0.0	2.0	-1.2741520325825193	0.102020202020202	0.5353535353535352	0.9686868686868688	1.9314797821733936	0.0	0.0	0.0	185
1.5538594577875808	1.509692160062358	0.4810781590458965	0.4697365885361936	0.5846464646464646	0.5132983421545738	17.0	0.0	13.0	0.0	2.0	-1.597538716594219	0.04707070707070707	0.5353535353535354	1.0236363636363637	2.5109237168254115	0.16666666666666666	2.0	0.3076923076923077	180
1.677493858525589	1.619766930936421	0.5404898653823259	0.5255793956024384	0.7044444444444445	0.5606544074883846	26.0	0.0	16.0	0.0	3.0	-1.5960928874918519	0.06646464646464646	0.6969696969696968	1.327474747474748	3.09036765147743	0.0	0.0	0.0	184
1.4026911725731355	1.3724055377271644	0.6314218050723392	0.619565298113263	0.7214141414141415	0.6346742264640348	22.0	0.0	10.0	0.0	4.0	-1.0624093801828902	0.14404040404040408	0.6363636363636364	1.128686868686869	1.9314797821733936	0.0	0.0	0.0	216
1.2100396725572446	1.1934377579838085	0.8801804232069459	0.8687935660140439	0.7072727272727273	0.8189921437459197	16.0	0.0	7.0	0.0	3.0	-0.1669244788435187	0.2795959595959596	0.7676767676767677	1.2557575757575759	1.3520358475213754	0.0	0.0	0.0	218
1.5070406700472805	1.4674825756639511	0.7875364080105005	0.7701522398065901	0.826868686868687	0.2734895179924934	24.0	0.0	12.0	0.0	5.0	-0.8365077437676898	1.0991919191919188	1.3434343434343436	1.587676767676768	2.317775738608072	0.0	0.0	0.0	206
1.280192013892186	1.2591029260400894	0.9670058905176189	0.9524815446954923	0.8046464646464648	0.036923936751179914	21.0	0.0	8.0	0.0	4.0	-0.07252171854340986	1.4505050505050503	1.4747474747474747	1.4989898989898993	1.545183825738715	0.0	0.0	0.0	159
1.5538594577875808	1.509692160062358	0.7690414620627122	0.7509110651555494	0.7771717171717173	0.21237002157822732	27.0	0.0	13.0	0.0	5.0	-0.939390485321938	1.2323232323232323	1.4343434343434343	1.636363636363637	2.5109237168254115	0.0	0.0	0.0	192
1.4026911725731355	1.3724055377271644	1.3446673772598339	1.3194179196262044	0.9224242424242425	0.41617128185864943	34.0	0.0	10.0	0.0	7.0	0.6248480431681926	1.757979797979798	2.080808080808081	2.4036363636363642	1.9314797821733936	0.0	0.0	0.0	199
1.4026911725731355	1.3724055377271644	0.5637250695723692	0.5531397363502694	0.6557575757575758	0.595869770270706	21.0	0.0	10.0	0.0	2.0	-1.222553128651802	0.08323232323232323	0.5454545454545454	1.0076767676767675	1.9314797821733936	0.0	0.0	0.0	192
1.0448862968084678	1.0367645284728637	0.4507140246055671	0.44698082003793155	0.44222222222222246	0.5142457781737982	8.0	0.0	5.0	0.0	2.0	-0.9711919822976343	0.04040404040404041	0.2828282828282828	0.5252525252525252	0.9657398910866968	0.0	0.0	0.0	190
1.5976643994105224	1.5489258089934743	0.526828100438374	0.5136627789532019	0.7301010101010101	0.5378636464567049	23.0	0.0	14.0	0.0	5.0	-1.541867884124751	0.09353535353535354	0.6363636363636362	1.1791919191919196	2.704071695042751	0.0	0.0	0.0	194
1.714029370941514	1.6518999741051856	0.7238045788231283	0.702972046331153	0.9054545454545455	0.0914361477353762	37.0	0.0	17.0	0.0	6.0	-1.2287973459157318	1.6393939393939385	1.747474747474747	1.855555555555556	3.283515629694769	0.0625	1.0	0.11764705882352941	204
1.456812522224161	1.4218876372101144	0.5189914884730709	0.5083636133288703	0.6634343434343435	0.5538493184232645	20.0	0.0	11.0	0.0	3.0	-1.3963733343518954	0.06303030303030303	0.5252525252525253	0.9874747474747474	2.124627760390733	0.0	0.0	0.0	216
1.344073735825258	1.3184101303266593	1.0829267625514285	1.0645579942064343	0.8573737373737375	-1.4372958297976688	23.0	0.0	9.0	0.0	6.0	0.10100694362027418	3.8680808080808085	2.8383838383838387	1.808686868686869	1.7383318039560542	0.0	0.0	0.0	190
1.456812522224161	1.4218876372101144	0.5126208891873949	0.5021234707757336	0.6274747474747475	0.5393252978352421	18.0	0.0	11.0	0.0	3.0	-1.411257643845726	0.07515151515151515	0.5252525252525252	0.9753535353535354	2.124627760390733	0.1	1.0	0.18181818181818182	207
1.456812522224161	1.4218876372101144	0.4603819750448518	0.4509543018400126	0.5450505050505049	0.4928484319535695	17.0	0.0	11.0	0.0	2.0	-1.5333089816951377	0.053333333333333344	0.46464646464646464	0.875959595959596	2.124627760390733	0.0	0.0	0.0	180
1.5538594577875808	1.509692160062358	0.5120297043091612	0.4999584412819601	0.666868686868687	0.5400569648734304	23.0	0.0	13.0	0.0	5.0	-1.526798089032477	0.062020202020202024	0.5757575757575758	1.0894949494949495	2.5109237168254115	0.0	0.0	0.0	170
1.7485920653932048	1.6821281726900563	0.838741987736455	0.8136509107871778	0.8806060606060607	0.4787421368348294	42.0	0.0	18.0	0.0	6.0	-1.0141964815105167	1.0531313131313123	1.6464646464646466	2.23979797979798	3.4766636079121085	0.0	0.0	0.0	191
1.344073735825258	1.3184101303266593	0.9469712525427382	0.9309085822229615	0.8258585858585861	0.6990497080769911	27.0	0.0	9.0	0.0	5.0	-0.22499258739658992	0.58	1.0808080808080807	1.581616161616162	1.7383318039560542	0.0	0.0	0.0	169
1.7813566580156999	1.7106297250510871	0.853386519039777	0.8269391466437399	0.903030303030303	0.7913633195292916	43.0	0.0	19.0	0.0	9.0	-1.018308727304466	0.3173737373737375	1.3434343434343436	2.3694949494949498	3.669811586129448	0.0	0.0	0.0	174
1.5070406700472805	1.4674825756639511	0.9107925197108332	0.8906875820845015	0.8591919191919194	0.8684253594484548	32.0	0.0	12.0	0.0	7.0	-0.5518073014408447	0.28505050505050505	1.0606060606060606	1.8361616161616163	2.317775738608072	0.0	0.0	0.0	202
1.714029370941514	1.6518999741051856	0.8639161238582422	0.8390509029862199	0.834949494949495	0.8396743809792508	38.0	0.0	17.0	0.0	6.0	-0.919703215785047	0.22969696969696968	1.222222222222222	2.214747474747475	3.283515629694769	0.0	0.0	0.0	184
1.344073735825258	1.3184101303266593	0.879356368116708	0.8644405917436365	0.7193939393939395	-0.43144253866792814	23.0	0.0	9.0	0.0	6.0	-0.3871222473951905	2.0868686868686877	1.7777777777777777	1.468686868686869	1.7383318039560542	0.0	0.0	0.0	201
1.344073735825258	1.3184101303266593	0.6335720297380077	0.622825284670312	0.691919191919192	0.5182950235762441	17.0	0.0	9.0	0.0	4.0	-0.9764737127210521	0.3155555555555556	0.6868686868686869	1.0581818181818183	1.7383318039560542	0.0	0.0	0.0	200
1.456812522224161	1.4218876372101144	0.7642595609715966	0.7486091016246335	0.7438383838383841	0.7257168953815331	23.0	0.0	11.0	0.0	4.0	-0.8233274188394135	0.24282828282828287	0.8484848484848484	1.4541414141414142	2.124627760390733	0.0	0.0	0.0	216
1.8124756282373082	1.7375595813412361	0.7376656241916765	0.7140499492562229	0.9016161616161616	0.6900688657207245	44.0	0.0	20.0	0.0	4.0	-1.3017826841169364	0.2577777777777778	1.1919191919191918	2.1260606060606064	3.862959564346787	0.0	0.0	0.0	191
1.5538594577875808	1.509692160062358	0.8048351202352605	0.7858608764597027	0.8735353535353537	0.06944499705608044	29.0	0.0	13.0	0.0	6.0	-0.857583072466795	1.5804040404040403	1.6464646464646464	1.7125252525252528	2.5109237168254115	0.0	0.0	0.0	198
1.5070406700472805	1.4674825756639511	0.42368035794228215	0.4143279895536661	0.5735353535353536	0.4587566108261177	18.0	0.0	12.0	0.0	3.0	-1.6769527080675075	0.03474747474747474	0.4444444444444444	0.8541414141414141	2.317775738608072	0.0	0.0	0.0	200
1.6387838212406702	1.5855225976238962	0.765259061082354	0.7451137477271862	0.8737373737373739	0.6897503702938672	34.0	0.0	15.0	0.0	8.0	-1.0514332696991635	0.32464646464646474	1.0606060606060608	1.796565656565657	2.8972196732600906	0.0	0.0	0.0	192
1.344073735825258	1.3184101303266593	0.6675609072401805	0.6562376376661803	0.6527272727272728	0.6962298222033446	19.0	0.0	9.0	0.0	5.0	-0.8949738299668357	0.11737373737373735	0.616161616161616	1.1149494949494954	1.7383318039560542	0.0	0.0	0.0	196
1.714029370941514	1.6518999741051856	0.907809335660581	0.8816807810272053	0.9143434343434345	0.7725072668484045	37.0	0.0	17.0	0.0	5.0	-0.8228722650073245	0.501010101010101	1.4141414141414141	2.327272727272727	3.283515629694769	0.0625	1.0	0.11764705882352941	174
1.5538594577875808	1.509692160062358	0.6746677320268681	0.658762225801893	0.7991919191919192	0.6596212870219719	28.0	0.0	13.0	0.0	4.0	-1.1550843006482314	0.1806060606060606	0.8080808080808083	1.4355555555555557	2.5109237168254115	0.0	0.0	0.0	193
1.5976643994105224	1.5489258089934743	0.8411017762523911	0.8200828228653226	0.866868686868687	0.7344330922402867	35.0	0.0	14.0	0.0	5.0	-0.8305968449855355	0.4002020202020203	1.1414141414141412	1.882626262626263	2.704071695042751	0.0	0.0	0.0	201
1.344073735825258	1.3184101303266593	0.6184524223082157	0.6079621383198368	0.7090909090909091	0.5535435969968269	17.0	0.0	9.0	0.0	3.0	-1.0127281089640305	0.23979797979797984	0.6363636363636362	1.0329292929292933	1.7383318039560542	0.0	0.0	0.0	160
1.4026911725731355	1.3724055377271644	0.5950305716316208	0.5838574001371629	0.5785858585858586	0.6289447094422009	14.0	0.0	10.0	0.0	3.0	-1.1484966706786992	0.08787878787878786	0.5757575757575757	1.0636363636363637	1.9314797821733936	0.1111111111111111	1.0	0.2	197
1.7485920653932048	1.6821281726900563	0.7804907628282681	0.757142278938515	0.8905050505050505	0.6303356633095972	39.0	0.0	18.0	0.0	7.0	-1.1417478448420397	0.5218181818181818	1.303030303030303	2.084242424242425	3.4766636079121085	0.058823529411764705	1.0	0.1111111111111111	204
1.1322512091154782	1.119995944426637	0.8407860983332601	0.8317918739557802	0.758989898989899	0.6449578632250887	12.0	0.0	6.0	0.0	2.0	-0.12945495196629286	0.4028282828282828	0.7474747474747474	1.092121212121212	1.158887869304036	0.0	0.0	0.0	182
1.5976643994105224	1.5489258089934743	0.9710713607360741	0.94680449524713	0.8551515151515152	0.862543525337529	27.0	0.0	14.0	0.0	5.0	-0.5364468460307771	0.4325252525252526	1.3030303030303028	2.1735353535353537	2.704071695042751	0.0	0.0	0.0	188
1.7485920653932048	1.6821281726900563	0.8882177034376946	0.8616465539417566	0.9218181818181818	0.6342477543153971	42.0	0.0	18.0	0.0	7.0	-0.9058606482393264	0.7997979797979801	1.585858585858586	2.371919191919192	3.4766636079121085	0.058823529411764705	1.0	0.1111111111111111	198
1.5070406700472805	1.4674825756639511	0.4514380351300808	0.4414729406195048	0.5486868686868688	0.4874854518393906	20.0	0.0	12.0	0.0	3.0	-1.6128372426004047	0.0393939393939394	0.4747474747474747	0.9101010101010103	2.317775738608072	0.0	0.0	0.0	196
1.7485920653932048	1.6821281726900563	1.2239565815448818	1.1873417593240507	0.9723232323232323	0.0047271099653423245	59.0	0.0	18.0	0.0	9.0	-0.1707009723103644	3.2567676767676765	3.2626262626262625	3.2684848484848485	3.4766636079121085	0.0	0.0	0.0	175
1.5976643994105224	1.5489258089934743	0.8440802458968089	0.8229868611907389	0.813737373737374	0.8311164347183618	30.0	0.0	14.0	0.0	4.0	-0.823855907509489	0.21171717171717175	1.0505050505050504	1.8892929292929297	2.704071695042751	0.0	0.0	0.0	197
1.5976643994105224	1.5489258089934743	0.6734951662619747	0.6566646661896165	0.8202020202020203	-0.04764106730803695	26.0	0.0	14.0	0.0	4.0	-1.2099277811376101	1.603636363636363	1.5555555555555556	1.5074747474747476	2.704071695042751	0.0	0.0	0.0	193
1.344073735825258	1.3184101303266593	0.9089907986791005	0.8935723585905678	0.8450505050505052	0.4131132804892269	22.0	0.0	9.0	0.0	5.0	-0.31606363075895233	0.9262626262626263	1.2222222222222219	1.5181818181818185	1.7383318039560542	0.0	0.0	0.0	167
1.5070406700472805	1.4674825756639511	0.662777172996749	0.6481469543301676	0.787878787878788	0.4555896519742612	25.0	0.0	12.0	0.0	4.0	-1.1246801427082773	0.5224242424242426	0.9292929292929292	1.3361616161616163	2.317775738608072	0.0	0.0	0.0	197
1.2100396725572446	1.1934377579838085	0.36575064883261593	0.36101894803961954	0.43313131313131314	0.417970742234569	10.0	0.0	7.0	0.0	1.0	-1.4394073411930042	0.02363636363636364	0.2727272727272727	0.5218181818181817	1.3520358475213754	0.0	0.0	0.0	186
1.344073735825258	1.3184101303266593	0.5830120624927829	0.5731229232743229	0.5991919191919192	0.6260146639495439	19.0	0.0	9.0	0.0	5.0	-1.097708413757573	0.07676767676767676	0.5252525252525252	0.9737373737373738	1.7383318039560542	0.0	0.0	0.0	186
1.6387838212406702	1.5855225976238962	1.0115394425978936	0.984910840496241	0.9230303030303031	0.2849504000253279	35.0	0.0	15.0	0.0	6.0	-0.49910747944105394	1.7666666666666668	2.0707070707070705	2.3747474747474744	2.8972196732600906	0.07142857142857142	1.0	0.13333333333333333	181
1.5538594577875808	1.509692160062358	0.6792250147650176	0.663212069150963	0.7765656565656568	0.6485780458999048	28.0	0.0	13.0	0.0	5.0	-1.1446685027250298	0.21131313131313137	0.8282828282828282	1.4452525252525257	2.5109237168254115	0.0	0.0	0.0	227
1.0448862968084678	1.0367645284728637	0.5264686510488875	0.5221079809443071	0.4993939393939396	0.551528597091399	9.0	0.0	5.0	0.0	2.0	-0.7765449125900328	0.09353535353535354	0.3535353535353535	0.6135353535353536	0.9657398910866968	0.0	0.0	0.0	192
1.5538594577875808	1.509692160062358	0.7056192772901329	0.6889840785476595	0.8157575757575759	0.6651429075830062	26.0	0.0	13.0	0.0	5.0	-1.0843436730864895	0.235959595959596	0.8686868686868685	1.5014141414141415	2.5109237168254115	0.08333333333333333	1.0	0.15384615384615385	191
1.5070406700472805	1.4674825756639511	1.0508836125214553	1.0276862881857374	0.9175757575757576	0.4607925129451686	35.0	0.0	12.0	0.0	6.0	-0.2282209450400888	1.2955555555555553	1.7070707070707072	2.118585858585859	2.317775738608072	0.09090909090909091	1.0	0.16666666666666666	208
1.5070406700472805	1.4674825756639511	0.7492568676287711	0.7327176863511737	0.8129292929292931	0.39066699551119605	28.0	0.0	12.0	0.0	5.0	-0.9249269055309866	0.8127272727272726	1.1616161616161618	1.5105050505050508	2.317775738608072	0.0	0.0	0.0	190
1.5976643994105224	1.5489258089934743	0.736404055418313	0.7180014756688664	0.8038383838383839	0.72242273913742	28.0	0.0	14.0	0.0	5.0	-1.0675510108102024	0.1901010101010101	0.9191919191919191	1.6482828282828286	2.704071695042751	0.07692307692307693	1.0	0.14285714285714285	182
1.6387838212406702	1.5855225976238962	0.7242123308297639	0.7051475655990104	0.8163636363636366	0.665704721919637	33.0	0.0	15.0	0.0	7.0	-1.1434875680755152	0.27959595959595956	0.9898989898989898	1.7002020202020205	2.8972196732600906	0.0	0.0	0.0	197
1.456812522224161	1.4218876372101144	0.7360165708050997	0.7209444696390608	0.791919191919192	0.6371203697945946	26.0	0.0	11.0	0.0	4.0	-0.8893145242620628	0.336969696969697	0.8686868686868687	1.4004040404040405	2.124627760390733	0.0	0.0	0.0	187
1.5538594577875808	1.509692160062358	0.6588121858337234	0.6432804791499206	0.7864646464646466	0.6347739944973197	26.0	0.0	13.0	0.0	4.0	-1.191322597589369	0.19414141414141417	0.7979797979797979	1.401818181818182	2.5109237168254115	0.0	0.0	0.0	184
1.344073735825258	1.3184101303266593	0.5913580857940282	0.5813273800597851	0.6741414141414142	0.5467758709000745	16.0	0.0	9.0	0.0	2.0	-1.0776959870314489	0.20424242424242428	0.5959595959595959	0.9876767676767677	1.7383318039560542	0.0	0.0	0.0	191
1.4026911725731355	1.3724055377271644	0.6690562172951938	0.6564930311133912	0.6694949494949494	-0.0989643849225821	19.0	0.0	10.0	0.0	3.0	-0.9733812195148647	1.349494949494949	1.2727272727272727	1.1959595959595961	1.9314797821733936	0.0	0.0	0.0	183
1.344073735825258	1.3184101303266593	0.4450002858736407	0.4374521233871854	0.5513131313131313	0.48755826755349596	12.0	0.0	9.0	0.0	1.0	-1.4286385426634824	0.04464646464646464	0.393939393939394	0.7432323232323232	1.7383318039560542	0.0	0.0	0.0	167
1.2100396725572446	1.1934377579838085	0.6725960441172768	0.6638946973241165	0.655959595959596	0.6949229696519601	15.0	0.0	7.0	0.0	3.0	-0.680400910498995	0.13131313131313133	0.5454545454545454	0.9595959595959597	1.3520358475213754	0.0	0.0	0.0	184
1.5070406700472805	1.4674825756639511	0.8098828412699918	0.7920053953577887	0.8177777777777779	0.7876679087261057	28.0	0.0	12.0	0.0	7.0	-0.7848913221100585	0.2258585858585859	0.9292929292929294	1.632727272727273	2.317775738608072	0.0	0.0	0.0	195
1.4026911725731355	1.3724055377271644	0.5993251892426372	0.5880713756747151	0.5846464646464646	0.6388411479344592	16.0	0.0	10.0	0.0	3.0	-1.1383373009928583	0.0802020202020202	0.5757575757575757	1.0713131313131314	1.9314797821733936	0.0	0.0	0.0	179
1.4026911725731355	1.3724055377271644	0.8356421741014634	0.8199509243331782	0.8292929292929294	0.5713891066319623	23.0	0.0	10.0	0.0	5.0	-0.5793046164377776	0.6072727272727273	1.0505050505050506	1.493737373737374	1.9314797821733936	0.0	0.0	0.0	186
1.6387838212406702	1.5855225976238962	0.5342098562014228	0.5201468734836807	0.7301010101010103	0.5505885470256839	26.0	0.0	15.0	0.0	3.0	-1.5696005467232816	0.07919191919191917	0.6666666666666666	1.2541414141414144	2.8972196732600906	0.0	0.0	0.0	191
1.5070406700472805	1.4674825756639511	0.5579593739410188	0.5456429152873258	0.6000000000000001	-0.4370403215562421	22.0	0.0	12.0	0.0	4.0	-1.3667912505732207	1.905454545454545	1.5151515151515151	1.124848484848485	2.317775738608072	0.09090909090909091	1.0	0.16666666666666666	189
1.5070406700472805	1.4674825756639511	0.4417178377033066	0.4319673079357996	0.5765656565656566	0.47685351855101404	23.0	0.0	12.0	0.0	3.0	-1.635289228702603	0.03878787878787879	0.46464646464646464	0.8905050505050507	2.317775738608072	0.0	0.0	0.0	211
1.4026911725731355	1.3724055377271644	0.5422519815172872	0.5320698586625087	0.6408080808080809	0.5724308369995686	19.0	0.0	10.0	0.0	4.0	-1.2733499770810053	0.08121212121212121	0.5252525252525252	0.9692929292929295	1.9314797821733936	0.0	0.0	0.0	201
1.280192013892186	1.2591029260400894	0.9713065905697861	0.9567176486004721	0.8290909090909092	0.09323294029672793	21.0	0.0	8.0	0.0	3.0	-0.06205544824230099	1.3832323232323234	1.4444444444444446	1.505656565656566	1.545183825738715	0.0	0.0	0.0	178
1.5538594577875808	1.509692160062358	0.9861769958574556	0.9629275597247765	0.9272727272727272	0.7086787620065426	38.0	0.0	13.0	0.0	5.0	-0.4431211134394112	0.7501010101010103	1.424242424242424	2.0983838383838385	2.5109237168254115	0.0	0.0	0.0	170
1.456812522224161	1.4218876372101144	0.894644493018432	0.8763240192121646	0.8492929292929294	0.8535282765561326	29.0	0.0	11.0	0.0	5.0	-0.5186952178656786	0.2775757575757576	0.9898989898989898	1.7022222222222223	2.124627760390733	0.0	0.0	0.0	207
1.5070406700472805	1.4674825756639511	0.7316202207513252	0.7154703528219767	0.8090909090909093	0.6901708183582277	25.0	0.0	12.0	0.0	3.0	-0.9656645297988928	0.24222222222222226	0.8585858585858586	1.4749494949494952	2.317775738608072	0.0	0.0	0.0	173
1.677493858525589	1.619766930936421	1.128933709081178	1.0977898652630445	0.9559595959595959	0.5883188671978399	47.0	0.0	16.0	0.0	6.0	-0.28758613081499595	1.4494949494949494	2.111111111111111	2.772727272727273	3.09036765147743	0.0	0.0	0.0	177
1.5070406700472805	1.4674825756639511	0.8327303156339557	0.8143485319751574	0.8557575757575757	0.7487595571175786	30.0	0.0	12.0	0.0	4.0	-0.7321175815811803	0.3414141414141414	1.0101010101010102	1.6787878787878787	2.317775738608072	0.0	0.0	0.0	170
1.6387838212406702	1.5855225976238962	0.604600265733118	0.5886842675735084	0.7404040404040404	-0.7902876875121054	22.0	0.0	15.0	0.0	3.0	-1.4117380392351147	3.105858585858587	2.2626262626262625	1.4193939393939397	2.8972196732600906	0.0	0.0	0.0	183
1.677493858525589	1.619766930936421	1.0653515045551487	1.0359617001739128	0.9486868686868687	0.4404756831661384	50.0	0.0	16.0	0.0	7.0	-0.42897216980174624	1.6258585858585857	2.121212121212121	2.6165656565656565	3.09036765147743	0.0	0.0	0.0	195
1.8420829417013262	1.7630533613550399	0.6773025430127859	0.6549597573375094	0.8543434343434346	0.6537201373183971	40.0	0.0	21.0	0.0	5.0	-1.4609356673193474	0.17878787878787877	1.101010101010101	2.0232323232323237	4.056107542564127	0.05	1.0	0.09523809523809523	201
1.677493858525589	1.619766930936421	0.5178700642896246	0.5035836059523591	0.6943434343434344	0.5381994888930469	28.0	0.0	16.0	0.0	4.0	-1.6463919311158575	0.06141414141414141	0.6666666666666665	1.2719191919191921	3.09036765147743	0.0	0.0	0.0	171
1.456812522224161	1.4218876372101144	0.5791936517227092	0.5673329604560122	0.7242424242424244	0.5337577566098337	22.0	0.0	11.0	0.0	3.0	-1.2557166096351948	0.2111111111111112	0.6565656565656565	1.1020202020202023	2.124627760390733	0.0	0.0	0.0	180
1.5976643994105224	1.5489258089934743	0.9598795354055347	0.9358923512364742	0.8604040404040406	0.8777566392678262	34.0	0.0	14.0	0.0	7.0	-0.5617764292741037	0.3767676767676768	1.2626262626262625	2.1484848484848484	2.704071695042751	0.07692307692307693	1.0	0.14285714285714285	199
1.344073735825258	1.3184101303266593	0.6265565318905841	0.6159287847636914	0.4789898989898993	0.6711328379278892	16.0	0.0	9.0	0.0	4.0	-0.9932957525777943	0.08484848484848485	0.5656565656565657	1.0464646464646465	1.7383318039560542	0.0	0.0	0.0	183
1.456812522224161	1.4218876372101144	0.479918479520925	0.4700907390029653	0.585858585858586	0.5131820607768016	21.0	0.0	11.0	0.0	5.0	-1.4876637659140566	0.056565656565656555	0.48484848484848475	0.9131313131313135	2.124627760390733	0.0	0.0	0.0	206
1.456812522224161	1.4218876372101144	0.7857072452333725	0.769617581553527	0.648888888888889	0.7746144313612092	22.0	0.0	11.0	0.0	4.0	-0.7732169102101835	0.20202020202020207	0.8484848484848485	1.494949494949495	2.124627760390733	0.0	0.0	0.0	201
1.5070406700472805	1.4674825756639511	0.9805374414534607	0.9588929464954172	0.8806060606060607	0.6639303021571286	30.0	0.0	12.0	0.0	4.0	-0.3907085145632149	0.7909090909090911	1.3838383838383836	1.9767676767676772	2.317775738608072	0.09090909090909091	1.0	0.16666666666666666	183
1.4026911725731355	1.3724055377271644	0.6710905098477804	0.6584891247890737	0.7292929292929293	0.21824251201348413	19.0	0.0	10.0	0.0	4.0	-0.9685688865057825	0.8610101010101012	1.0303030303030303	1.1995959595959595	1.9314797821733936	0.1111111111111111	1.0	0.2	204
1.1322512091154782	1.119995944426637	0.48229332055705504	0.4771340364663105	0.47474747474747486	0.5485544311486539	11.0	0.0	6.0	0.0	2.0	-1.032324001929262	0.040202020202020204	0.3333333333333333	0.6264646464646464	1.158887869304036	0.0	0.0	0.0	190
1.5976643994105224	1.5489258089934743	0.5720466850399887	0.5577513608027057	0.7264646464646466	0.5881069569370294	22.0	0.0	14.0	0.0	3.0	-1.439528196988408	0.09333333333333334	0.686868686868687	1.2804040404040407	2.704071695042751	0.0	0.0	0.0	188
1.344073735825258	1.3184101303266593	0.4694335714801847	0.46147096788955333	0.5694949494949494	0.5163211034646913	14.0	0.0	9.0	0.0	2.0	-1.3700514383348288	0.04424242424242424	0.41414141414141414	0.7840404040404041	1.7383318039560542	0.0	0.0	0.0	182
1.677493858525589	1.619766930936421	0.8257461206168267	0.8029662992623463	0.8838383838383839	0.321374794936469	32.0	0.0	16.0	0.0	4.0	-0.9617762209898482	1.3052525252525247	1.6666666666666665	2.028080808080808	3.09036765147743	0.0	0.0	0.0	178
1.5070406700472805	1.4674825756639511	0.6310111669731671	0.6170821547349659	0.7793939393939395	0.644023703659742	25.0	0.0	12.0	0.0	4.0	-1.1980541591453588	0.12181818181818183	0.6969696969696969	1.272121212121212	2.317775738608072	0.0	0.0	0.0	203
1.344073735825258	1.3184101303266593	0.4863675318015519	0.4781176918020856	0.5327272727272726	0.5276006469592779	16.0	0.0	9.0	0.0	2.0	-1.3294465145426926	0.05636363636363635	0.43434343434343425	0.8123232323232324	1.7383318039560542	0.0	0.0	0.0	189
1.5976643994105224	1.5489258089934743	0.5140116553017886	0.5011666140377736	0.6755555555555556	0.5294563992846986	21.0	0.0	14.0	0.0	3.0	-1.5708743423550118	0.0818181818181818	0.6161616161616159	1.150505050505051	2.704071695042751	0.0	0.0	0.0	179
1.5070406700472805	1.4674825756639511	0.6151782680718236	0.6015987530439822	0.7650505050505052	0.5856611762469522	24.0	0.0	12.0	0.0	2.0	-1.2346254354767745	0.19414141414141414	0.7171717171717171	1.2402020202020203	2.317775738608072	0.0	0.0	0.0	195
1.4026911725731355	1.3724055377271644	0.660240949567318	0.6478432918521	0.7591919191919193	0.11511120562047777	19.0	0.0	10.0	0.0	2.0	-0.994234662554222	1.0016161616161616	1.0909090909090908	1.1802020202020205	1.9314797821733936	0.0	0.0	0.0	193
1.344073735825258	1.3184101303266593	0.7340871799312655	0.721635481608271	0.7274747474747476	0.6539315340986455	18.0	0.0	9.0	0.0	3.0	-0.7354544864977298	0.2890909090909092	0.7575757575757575	1.2260606060606063	1.7383318039560542	0.0	0.0	0.0	176
1.714029370941514	1.6518999741051856	1.042956298391301	1.0129379459110295	0.9678787878787879	0.9203432814112074	52.0	0.0	17.0	0.0	7.0	-0.5247302890938691	0.497979797979798	1.5858585858585856	2.673737373737373	3.283515629694769	0.0	0.0	0.0	187
1.456812522224161	1.4218876372101144	0.7966434406737831	0.7803298262697451	0.8032323232323234	-0.39868436514122213	25.0	0.0	11.0	0.0	4.0	-0.7476655122457738	2.1812121212121216	1.8484848484848486	1.515757575757576	2.124627760390733	0.0	0.0	0.0	191
1.5538594577875808	1.509692160062358	0.8327484770064256	0.8131161669727559	0.8488888888888891	0.7902288502925816	33.0	0.0	13.0	0.0	5.0	-0.7937863101871873	0.2684848484848485	1.02020202020202	1.7719191919191921	2.5109237168254115	0.0	0.0	0.0	200
1.4026911725731355	1.3724055377271644	0.5874584826858813	0.5764274958998998	0.6206060606060607	0.6245173553798749	20.0	0.0	10.0	0.0	3.0	-1.1664092435458395	0.08121212121212122	0.5656565656565656	1.0501010101010102	1.9314797821733936	0.0	0.0	0.0	195
1.6387838212406702	1.5855225976238962	0.4701012313834363	0.4577258972038252	0.5888888888888889	0.4947344819044401	23.0	0.0	15.0	0.0	4.0	-1.7133750798268081	0.04787878787878787	0.5757575757575757	1.1036363636363637	2.8972196732600906	0.0	0.0	0.0	186
1.1322512091154782	1.119995944426637	0.45320952470275994	0.4483613615810477	0.38545454545454555	-0.8264231471336716	9.0	0.0	6.0	0.0	2.0	-1.1055719465466483	1.4719191919191916	1.0303030303030303	0.5886868686868687	1.158887869304036	0.0	0.0	0.0	206
1.7485920653932048	1.6821281726900563	1.2041360348878105	1.1681141469287912	0.963030303030303	0.8748413511721247	49.0	0.0	18.0	0.0	8.0	-0.21410156606732442	1.047070707070707	2.131313131313131	3.2155555555555555	3.4766636079121085	0.058823529411764705	1.0	0.1111111111111111	191
1.8124756282373082	1.7375595813412361	0.8997922479806679	0.8709862408401874	0.9313131313131313	0.8039361980184991	43.0	0.0	20.0	0.0	8.0	-0.9515679855463667	0.41676767676767684	1.5050505050505052	2.5933333333333333	3.862959564346787	0.05263157894736842	1.0	0.1	179
1.1322512091154782	1.119995944426637	0.4751390178335386	0.470056266173679	0.46949494949494974	0.5311640081074147	11.0	0.0	6.0	0.0	2.0	-1.050342212904662	0.04949494949494949	0.33333333333333337	0.6171717171717171	1.158887869304036	0.0	0.0	0.0	229
1.5976643994105224	1.5489258089934743	1.1063660879173522	1.0787182361501362	0.9486868686868687	0.7322311941714263	43.0	0.0	14.0	0.0	4.0	-0.23024486795217833	0.9983838383838385	1.7373737373737375	2.4763636363636357	2.704071695042751	0.0	0.0	0.0	176
1.344073735825258	1.3184101303266593	0.5060834998900008	0.4974992346431052	0.5648484848484848	0.5312664985950184	14.0	0.0	9.0	0.0	2.0	-1.2821707818418484	0.08404040404040404	0.46464646464646464	0.8452525252525254	1.7383318039560542	0.0	0.0	0.0	178
1.0448862968084678	1.0367645284728637	0.25222650223119236	0.25013734352122713	0.2757575757575758	0.3021193946771065	6.0	0.0	5.0	0.0	0.0	-1.4811940299296786	0.00909090909090909	0.15151515151515152	0.29393939393939394	0.9657398910866968	0.0	0.0	0.0	191
1.344073735825258	1.3184101303266593	0.384038028716719	0.3775239173020695	0.49313131313131325	0.43003259573110547	13.0	0.0	9.0	0.0	1.0	-1.5748162683151723	0.025252525252525252	0.33333333333333337	0.6414141414141414	1.7383318039560542	0.0	0.0	0.0	224
1.4026911725731355	1.3724055377271644	1.0303691778851827	1.011021446733241	0.8979797979797981	0.7466602409816938	25.0	0.0	10.0	0.0	4.0	-0.11865740673504993	0.6834343434343435	1.2626262626262625	1.841818181818182	1.9314797821733936	0.1111111111111111	1.0	0.2	196
1.5538594577875808	1.509692160062358	0.647513922378728	0.6322485758470181	0.7656565656565658	0.6413574651662446	27.0	0.0	13.0	0.0	4.0	-1.2171450966073056	0.1575757575757576	0.7676767676767677	1.377777777777778	2.5109237168254115	0.0	0.0	0.0	183
1.4026911725731355	1.3724055377271644	0.79201790047377	0.7771458043990955	0.8010101010101012	0.5750351629185838	22.0	0.0	10.0	0.0	5.0	-0.6825024242992129	0.5236363636363637	0.9696969696969697	1.415757575757576	1.9314797821733936	0.1111111111111111	1.0	0.2	190
1.5538594577875808	1.509692160062358	0.5434559665243165	0.5306438193765881	0.68989898989899	0.5572589366212669	24.0	0.0	13.0	0.0	3.0	-1.4549724825204013	0.09616161616161616	0.6262626262626262	1.1563636363636365	2.5109237168254115	0.0	0.0	0.0	183
1.2100396725572446	1.1934377579838085	0.6597105199036616	0.6511758725964334	0.6274747474747475	0.6810245102589206	12.0	0.0	7.0	0.0	1.0	-0.7122742769932984	0.12949494949494952	0.5353535353535354	0.9412121212121212	1.3520358475213754	0.0	0.0	0.0	184
1.456812522224161	1.4218876372101144	0.7617113212573262	0.7461130446033787	0.8139393939393941	0.1873598655854926	29.0	0.0	11.0	0.0	6.0	-0.8292811426369459	1.1365656565656563	1.2929292929292928	1.4492929292929293	2.124627760390733	0.0	0.0	0.0	184
1.280192013892186	1.2591029260400894	0.4199047141843352	0.41359778126804253	0.5165656565656567	0.46831859779412477	11.0	0.0	8.0	0.0	2.0	-1.4039581647269097	0.035959595959595955	0.3434343434343434	0.650909090909091	1.545183825738715	0.0	0.0	0.0	196
1.5070406700472805	1.4674825756639511	0.4510372022465023	0.44108095576656836	0.6214141414141414	0.4865806064531454	16.0	0.0	12.0	0.0	1.0	-1.6137630976974031	0.040202020202020204	0.47474747474747475	0.9092929292929292	2.317775738608072	0.0	0.0	0.0	167
1.456812522224161	1.4218876372101144	0.960367842315656	0.9407014898853584	0.8698989898989902	0.846024199252321	29.0	0.0	11.0	0.0	5.0	-0.36513875825432524	0.41515151515151516	1.121212121212121	1.8272727272727274	2.124627760390733	0.0	0.0	0.0	172
1.280192013892186	1.2591029260400894	0.48884623926301723	0.4815038105327212	0.5741414141414141	0.5233968034479674	11.0	0.0	8.0	0.0	1.0	-1.236180680203072	0.0705050505050505	0.41414141414141414	0.7577777777777779	1.545183825738715	0.0	0.0	0.0	215
1.456812522224161	1.4218876372101144	0.446154303306842	0.4370179834713406	0.5723232323232323	-0.5562699885212686	18.0	0.0	11.0	0.0	2.0	-1.5665506062313597	1.777373737373737	1.3131313131313134	0.8488888888888889	2.124627760390733	0.0	0.0	0.0	181
1.5538594577875808	1.509692160062358	0.8680674182270837	0.8476024529280479	0.8660606060606062	0.61438647242581	30.0	0.0	13.0	0.0	5.0	-0.7130638762823771	0.6781818181818182	1.2626262626262628	1.8470707070707075	2.5109237168254115	0.0	0.0	0.0	204
1.280192013892186	1.2591029260400894	0.7060967540194687	0.6954912411267083	0.698989898989899	0.03630853780532591	17.0	0.0	8.0	0.0	3.0	-0.7074754501440217	1.0468686868686867	1.070707070707071	1.0945454545454545	1.545183825738715	0.0	0.0	0.0	182
1.344073735825258	1.3184101303266593	0.3727890407889537	0.36646573641731595	0.46484848484848496	0.4179070864744251	14.0	0.0	9.0	0.0	2.0	-1.6017895391199486	0.02383838383838384	0.32323232323232326	0.6226262626262626	1.7383318039560542	0.0	0.0	0.0	210
1.4026911725731355	1.3724055377271644	0.5384094289179565	0.5282994594973303	0.5648484848484848	0.5635761288749159	18.0	0.0	10.0	0.0	5.0	-1.282439939431495	0.08808080808080808	0.5252525252525253	0.9624242424242423	1.9314797821733936	0.0	0.0	0.0	195
1.6387838212406702	1.5855225976238962	0.5120945319353524	0.49861373133076414	0.7022222222222223	0.5303296149308601	28.0	0.0	15.0	0.0	5.0	-1.6191979359952364	0.0705050505050505	0.6363636363636362	1.2022222222222225	2.8972196732600906	0.0	0.0	0.0	171
