1.1322512091154782	1.119995944426637	0.41945987924617145	0.41497274954841656	0.4288888888888889	0.47143168548750636	8.0	0.0	6.0	0.0	1.0	-1.1905708983219039	0.041010101010101004	0.29292929292929293	0.5448484848484849	1.158887869304036	0.0	0.0	0.0	99
1.0448862968084678	1.0367645284728637	0.36161132897200504	0.3586161502304328	0.3238383838383841	0.4225386143994708	9.0	0.0	5.0	0.0	2.0	-1.2001361329376958	0.02303030303030303	0.22222222222222227	0.4214141414141414	0.9657398910866968	0.0	0.0	0.0	135
1.0448862968084678	1.0367645284728637	0.5554183595523989	0.5508179028467435	0.4244444444444446	0.6016675604633441	9.0	0.0	5.0	0.0	2.0	-0.702160334463787	0.08	0.36363636363636365	0.6472727272727273	0.9657398910866968	0.0	0.0	0.0	116
1.1322512091154782	1.119995944426637	0.3435620590488664	0.339886838617891	0.373131313131313	0.4003577826233112	9.0	0.0	6.0	0.0	2.0	-1.3817206147565804	0.018383838383838384	0.23232323232323235	0.44626262626262625	1.158887869304036	0.0	0.0	0.0	105
1.2100396725572446	1.1934377579838085	0.30160622609890514	0.2977043590106038	0.35858585858585856	0.3491564188983017	10.0	0.0	7.0	0.0	1.0	-1.5980736601151946	0.01414141414141414	0.22222222222222224	0.43030303030303024	1.3520358475213754	0.0	0.0	0.0	111
1.280192013892186	1.2591029260400894	0.4206866596483656	0.4143679819780388	0.47797979797979806	0.47016479463168354	14.0	0.0	8.0	0.0	2.0	-1.4020552064903447	0.03474747474747475	0.3434343434343435	0.6521212121212121	1.545183825738715	0.0	0.0	0.0	113
1.1322512091154782	1.119995944426637	0.8907106890777989	0.8811824014326219	0.7785858585858587	0.14252585840319984	12.0	0.0	6.0	0.0	2.0	-0.003719175377089591	1.0046464646464643	1.0808080808080807	1.156969696969697	1.158887869304036	0.0	0.0	0.0	131
1.280192013892186	1.2591029260400894	0.4726860330063886	0.4655863291927965	0.5525252525252525	0.5160120160977316	12.0	0.0	8.0	0.0	1.0	-1.275508483758754	0.055151515151515146	0.3939393939393939	0.7327272727272729	1.545183825738715	0.0	0.0	0.0	119
1.2100396725572446	1.1934377579838085	0.44023181077065543	0.4345365503117217	0.4991919191919193	0.49458176230351686	10.0	0.0	7.0	0.0	2.0	-1.255172277720439	0.038585858585858585	0.33333333333333326	0.628080808080808	1.3520358475213754	0.0	0.0	0.0	138
1.280192013892186	1.2591029260400894	0.4217292536004062	0.415394916258034	0.5036363636363638	0.4726263904150956	12.0	0.0	8.0	0.0	1.0	-1.3995179288415909	0.03313131313131313	0.3434343434343434	0.6537373737373737	1.545183825738715	0.0	0.0	0.0	121
0.9450083143897742	0.9407041938880998	0.37333768901139136	0.3712201175001586	0.33858585858585843	0.44334922761219936	6.0	0.0	4.0	0.0	1.0	-1.0019247796485107	0.02181818181818182	0.20202020202020202	0.3822222222222222	0.7725919128693575	0.0	0.0	0.0	111
1.4026911725731355	1.3724055377271644	0.7348316764954984	0.7210333932937956	0.7652525252525254	0.6776456041277876	16.0	0.0	10.0	0.0	3.0	-0.8177824522211979	0.2622222222222223	0.7878787878787878	1.3135353535353538	1.9314797821733936	0.1111111111111111	1.0	0.2	104
1.1322512091154782	1.119995944426637	0.5808982754855211	0.5746841748473621	0.5606060606060606	0.5992134895731336	10.0	0.0	6.0	0.0	2.0	-0.7839860506596209	0.11414141414141414	0.43434343434343436	0.7545454545454546	1.158887869304036	0.0	0.0	0.0	101
1.344073735825258	1.3184101303266593	0.8898796148878432	0.8747853416035671	0.8393939393939394	0.763343105996133	21.0	0.0	9.0	0.0	4.0	-0.36188918761007766	0.3925252525252526	0.9393939393939394	1.4862626262626264	1.7383318039560542	0.0	0.0	0.0	80
1.0448862968084678	1.0367645284728637	0.2844698901452829	0.28211366372394064	0.27656565656565674	0.33897367544622864	8.0	0.0	5.0	0.0	2.0	-1.3983465357291893	0.011919191919191918	0.17171717171717174	0.3315151515151515	0.9657398910866968	0.0	0.0	0.0	112
1.1322512091154782	1.119995944426637	0.3838438939486656	0.3797377626568379	0.43050505050505056	-1.2596715124654136	8.0	0.0	6.0	0.0	1.0	-1.2802702529603074	1.8448484848484847	1.1717171717171717	0.4985858585858586	1.158887869304036	0.0	0.0	0.0	120
1.280192013892186	1.2591029260400894	0.9473269296728533	0.9330981601605839	0.825050505050505	0.49816544666799495	20.0	0.0	8.0	0.0	4.0	-0.12041283416363592	0.8143434343434344	1.1414141414141414	1.4684848484848487	1.545183825738715	0.0	0.0	0.0	109
1.1322512091154782	1.119995944426637	0.8824676881137475	0.873027579138938	0.7826262626262626	0.33041803778354556	11.0	0.0	6.0	0.0	2.0	-0.02447928802265844	0.7931313131313132	0.9696969696969696	1.1462626262626265	1.158887869304036	0.0	0.0	0.0	108
1.280192013892186	1.2591029260400894	0.583591964654703	0.5748264632272795	0.648888888888889	0.6393995047412556	15.0	0.0	8.0	0.0	2.0	-1.0056055738725802	0.06505050505050505	0.48484848484848486	0.9046464646464647	1.545183825738715	0.0	0.0	0.0	114
1.1322512091154782	1.119995944426637	0.8471627594563945	0.8381003213905172	0.7511111111111111	-0.4169921003149309	12.0	0.0	6.0	0.0	3.0	-0.11339524218387097	1.546060606060606	1.323232323232323	1.1004040404040405	1.158887869304036	0.0	0.0	0.0	135
1.2100396725572446	1.1934377579838085	0.4264966915539448	0.42097912175583985	0.4856565656565657	0.4786493820236915	10.0	0.0	7.0	0.0	2.0	-1.289147184862718	0.03797979797979798	0.3232323232323232	0.6084848484848485	1.3520358475213754	0.0	0.0	0.0	115
1.280192013892186	1.2591029260400894	1.1472443199766302	1.130012808349652	0.8832323232323233	1.0009463854298866	20.0	0.0	8.0	0.0	4.0	0.36611015498488403	0.4640404040404041	1.1212121212121213	1.7783838383838384	1.545183825738715	0.0	0.0	0.0	117
1.280192013892186	1.2591029260400894	1.084819007098202	1.068525118334943	0.873939393939394	-0.054155107235062706	23.0	0.0	8.0	0.0	4.0	0.214190655765757	1.7527272727272727	1.7171717171717171	1.6816161616161618	1.545183825738715	0.0	0.0	0.0	97
1.2100396725572446	1.1934377579838085	0.3539979179564614	0.34941826174953494	0.2929292929292931	0.40678417735724465	8.0	0.0	7.0	0.0	1.0	-1.468478653490006	0.0202020202020202	0.26262626262626265	0.505050505050505	1.3520358475213754	0.3333333333333333	2.0	0.42857142857142855	111
1.456812522224161	1.4218876372101144	1.096592490374361	1.0741365381465982	0.9012121212121212	0.8055990086156575	24.0	0.0	11.0	0.0	4.0	-0.04686260691124556	0.7418181818181819	1.4141414141414144	2.0864646464646466	2.124627760390733	0.0	0.0	0.0	109
1.2100396725572446	1.1934377579838085	0.6939775183618473	0.6849995603337886	0.6838383838383839	0.6274645935735507	15.0	0.0	7.0	0.0	3.0	-0.6275121375249313	0.24222222222222223	0.6161616161616161	0.9901010101010104	1.3520358475213754	0.0	0.0	0.0	92
1.344073735825258	1.3184101303266593	0.3938355343312243	0.3871552361371774	0.5052525252525254	0.43877424193940995	14.0	0.0	9.0	0.0	2.0	-1.5513234195497223	0.029090909090909094	0.3434343434343434	0.6577777777777778	1.7383318039560542	0.0	0.0	0.0	121
0.8277465128678779	0.8267906928265433	0.2880781518364062	0.28726006618461447	0.2395959595959597	0.3528884580087584	4.0	0.0	3.0	0.0	0.0	-1.0180053747675697	0.01191919191919192	0.1313131313131313	0.2507070707070707	0.579443934652018	0.0	0.0	0.0	88
1.0448862968084678	1.0367645284728637	0.7017270660012831	0.6959147536590568	0.6121212121212123	0.6633770538442003	10.0	0.0	5.0	0.0	3.0	-0.3262286941131793	0.19232323232323237	0.505050505050505	0.8177777777777779	0.9657398910866968	0.0	0.0	0.0	123
1.1322512091154782	1.119995944426637	0.7745310339806949	0.7662455664631497	0.6840404040404041	0.5973232261990862	13.0	0.0	6.0	0.0	2.0	-0.2963192536080384	0.3676767676767677	0.6868686868686869	1.0060606060606063	1.158887869304036	0.0	0.0	0.0	95
1.1322512091154782	1.119995944426637	0.39799697107562204	0.39373943867052197	0.4311111111111112	0.45706568384474344	9.0	0.0	6.0	0.0	2.0	-1.2446255312481034	0.028484848484848484	0.2727272727272727	0.516969696969697	1.158887869304036	0.0	0.0	0.0	113
1.0448862968084678	1.0367645284728637	0.4061626767887861	0.4027984851341822	0.41292929292929303	0.4683921962866346	7.0	0.0	5.0	0.0	1.0	-1.085664057617665	0.03171717171717171	0.25252525252525254	0.47333333333333333	0.9657398910866968	0.0	0.0	0.0	126
1.280192013892186	1.2591029260400894	0.8826861046463386	0.8694282348008853	0.7838383838383839	0.7147858756082471	20.0	0.0	8.0	0.0	2.0	-0.2777240483863647	0.4296969696969697	0.898989898989899	1.3682828282828285	1.545183825738715	0.0	0.0	0.0	97
1.2100396725572446	1.1934377579838085	0.48979151928456005	0.4834551069566566	0.5410101010101009	0.5454297844731725	12.0	0.0	7.0	0.0	3.0	-1.132582406588504	0.04868686868686869	0.3737373737373737	0.6987878787878787	1.3520358475213754	0.0	0.0	0.0	107
1.280192013892186	1.2591029260400894	0.6683027232579986	0.6582648734768847	0.6711111111111111	0.6547844783875808	14.0	0.0	8.0	0.0	4.0	-0.7994517649113425	0.1761616161616162	0.606060606060606	1.0359595959595962	1.545183825738715	0.14285714285714285	1.0	0.25	106
1.1322512091154782	1.119995944426637	0.395197461314246	0.39096987638210096	0.4292929292929294	0.45026073569817143	9.0	0.0	6.0	0.0	1.0	-1.2516761355428252	0.03212121212121213	0.27272727272727276	0.5133333333333333	1.158887869304036	0.0	0.0	0.0	106
0.683750117678692	0.6854202331140761	0.32638035590599024	0.32645971479676916	0.2204040404040405	0.4015700027646856	3.0	0.0	2.0	0.0	0.0	-0.6320728155426287	0.014949494949494949	0.12121212121212122	0.22747474747474744	0.38629595643467873	0.0	0.0	0.0	124
1.2100396725572446	1.1934377579838085	0.7038894600646279	0.6947832716627754	0.7056565656565656	0.5494976262467449	15.0	0.0	7.0	0.0	3.0	-0.6029941632985449	0.3492929292929293	0.6767676767676767	1.0042424242424242	1.3520358475213754	0.0	0.0	0.0	117
1.1322512091154782	1.119995944426637	0.3989301409960807	0.39466262609999564	0.41878787878787865	0.45933399989360074	10.0	0.0	6.0	0.0	2.0	-1.2422753298165294	0.027272727272727275	0.2727272727272727	0.5181818181818182	1.158887869304036	0.0	0.0	0.0	99
1.2100396725572446	1.1934377579838085	0.6548961482194539	0.6464237842366399	0.66	0.6356002771206954	12.0	0.0	7.0	0.0	2.0	-0.7241830073318288	0.17676767676767677	0.5555555555555555	0.9343434343434345	1.3520358475213754	0.0	0.0	0.0	88
0.9450083143897742	0.9407041938880998	0.5943409721470988	0.5909698699315422	0.49656565656565665	0.5029926214613745	7.0	0.0	4.0	0.0	1.0	-0.42119800348649244	0.19959595959595963	0.404040404040404	0.6084848484848485	0.7725919128693575	0.0	0.0	0.0	103
1.344073735825258	1.3184101303266593	0.42250231001811006	0.4153357616176783	0.5056565656565657	0.4633072490401354	14.0	0.0	9.0	0.0	2.0	-1.4825850842730346	0.04181818181818182	0.37373737373737365	0.7056565656565656	1.7383318039560542	0.0	0.0	0.0	107
1.5070406700472805	1.4674825756639511	0.875819850618625	0.8564869036658096	0.8006060606060607	0.6876824935460544	28.0	0.0	12.0	0.0	6.0	-0.6325881586539088	0.5373737373737374	1.1515151515151516	1.765656565656566	2.317775738608072	0.0	0.0	0.0	103
1.280192013892186	1.2591029260400894	0.6380674986488223	0.6284837793570256	0.6412121212121212	0.6757080425465822	16.0	0.0	8.0	0.0	4.0	-0.8730328167251997	0.10181818181818182	0.5454545454545454	0.9890909090909092	1.545183825738715	0.0	0.0	0.0	109
1.280192013892186	1.2591029260400894	0.49119207565510853	0.48381441266271025	0.5084848484848485	0.5289353939606443	11.0	0.0	8.0	0.0	2.0	-1.230471805493376	0.06686868686868686	0.41414141414141414	0.7614141414141415	1.545183825738715	0.2857142857142857	2.0	0.5	112
1.2100396725572446	1.1934377579838085	0.6945439150305776	0.685558629552588	0.6961616161616162	0.6288205408314081	14.0	0.0	7.0	0.0	3.0	-0.6261111104262806	0.24141414141414144	0.6161616161616161	0.9909090909090912	1.3520358475213754	0.0	0.0	0.0	95
1.0448862968084678	1.0367645284728637	0.5200546437756544	0.5157471000437672	0.4674747474747478	0.5570995930216149	10.0	0.0	5.0	0.0	2.0	-0.7930253281030334	0.0808080808080808	0.3434343434343434	0.6060606060606061	0.9657398910866968	0.0	0.0	0.0	93
1.2100396725572446	1.1934377579838085	0.42706308822267514	0.42153819097463907	0.4448484848484849	0.48000532928154904	9.0	0.0	7.0	0.0	2.0	-1.2877461577640674	0.03717171717171717	0.3232323232323232	0.6092929292929293	1.3520358475213754	0.16666666666666666	1.0	0.2857142857142857	95
0.683750117678692	0.6854202331140761	0.348699438858709	0.34878422460081115	0.23575757575757572	0.42218291165184635	3.0	0.0	2.0	0.0	0.0	-0.5701651908512038	0.019595959595959597	0.13131313131313133	0.24303030303030304	0.38629595643467873	0.0	0.0	0.0	107
1.344073735825258	1.3184101303266593	0.6323624611436244	0.6216362329622739	0.671111111111111	0.6564694313849273	14.0	0.0	9.0	0.0	3.0	-0.9793740644204905	0.11555555555555555	0.5858585858585857	1.0561616161616163	1.7383318039560542	0.125	1.0	0.2222222222222222	103
1.344073735825258	1.3184101303266593	0.6297014102359809	0.6190203192045902	0.7404040404040403	0.48107253004410916	15.0	0.0	9.0	0.0	2.0	-0.9857548381592547	0.36242424242424254	0.707070707070707	1.0517171717171718	1.7383318039560542	0.0	0.0	0.0	112
1.2100396725572446	1.1934377579838085	0.6597105199036617	0.6511758725964336	0.6123232323232324	0.5793284659196098	14.0	0.0	7.0	0.0	4.0	-0.7122742769932979	0.2507070707070707	0.5959595959595959	0.9412121212121214	1.3520358475213754	0.0	0.0	0.0	94
1.2100396725572446	1.1934377579838085	0.37637058637130977	0.37150149589210557	0.41777777777777786	0.4264454125961782	11.0	0.0	7.0	0.0	2.0	-1.413138083093304	0.02868686868686869	0.2828282828282828	0.5369696969696969	1.3520358475213754	0.0	0.0	0.0	108
1.456812522224161	1.4218876372101144	0.7272039084599148	0.7123122724405551	0.7200000000000002	0.7017522614112961	24.0	0.0	11.0	0.0	3.0	-0.9099044857285283	0.21232323232323236	0.7979797979797978	1.383636363636364	2.124627760390733	0.0	0.0	0.0	134
1.2100396725572446	1.1934377579838085	0.9590511593276454	0.9466439547318403	0.8046464646464647	0.10949274107199188	16.0	0.0	7.0	0.0	3.0	0.028168544643589224	1.2377777777777779	1.303030303030303	1.3682828282828283	1.3520358475213754	0.0	0.0	0.0	94
1.5070406700472805	1.4674825756639511	0.9076860648631014	0.8876496994742453	0.8634343434343434	0.6691331631280362	30.0	0.0	12.0	0.0	5.0	-0.5589826784425779	0.6347474747474748	1.2323232323232323	1.8298989898989904	2.317775738608072	0.0	0.0	0.0	98
1.2100396725572446	1.1934377579838085	0.45425012832173134	0.4483735134770033	0.5276767676767676	0.511192116212271	10.0	0.0	7.0	0.0	1.0	-1.2204968570288346	0.03878787878787879	0.3434343434343434	0.648080808080808	1.3520358475213754	0.0	0.0	0.0	104
1.2100396725572446	1.1934377579838085	0.5012610518263494	0.49477625863734154	0.5658585858585858	0.5559383757215678	9.0	0.0	7.0	0.0	1.0	-1.1042116078408277	0.05252525252525253	0.38383838383838387	0.7151515151515151	1.3520358475213754	0.0	0.0	0.0	109
1.1322512091154782	1.119995944426637	0.3420067758481019	0.3383481929021015	0.30585858585858583	0.3965772558752157	5.0	0.0	6.0	0.0	0.0	-1.3856376171425369	0.020404040404040404	0.23232323232323232	0.4442424242424242	1.158887869304036	0.4	2.0	0.5	107
1.2100396725572446	1.1934377579838085	0.5067834193464702	0.5002271835206343	0.5246464646464646	0.5522095207624599	10.0	0.0	7.0	0.0	2.0	-1.0905515936289834	0.06484848484848485	0.3939393939393939	0.723030303030303	1.3520358475213754	0.0	0.0	0.0	106
0.8277465128678779	0.8267906928265433	0.34959363147915207	0.34860085388721135	0.2723232323232325	0.4215554168429497	5.0	0.0	3.0	0.0	1.0	-0.8522214800590081	0.01898989898989899	0.16161616161616163	0.3042424242424242	0.579443934652018	0.0	0.0	0.0	104
1.280192013892186	1.2591029260400894	0.7217356633000771	0.7108952553266354	0.7527272727272728	0.6886314204094949	13.0	0.0	8.0	0.0	3.0	-0.669416285412716	0.21454545454545457	0.6666666666666666	1.1187878787878789	1.545183825738715	0.0	0.0	0.0	101
0.9450083143897742	0.9407041938880998	0.5505349642398426	0.5474123297174645	0.49151515151515157	0.5417608274633381	6.0	0.0	4.0	0.0	1.0	-0.5363063466186067	0.12323232323232323	0.3434343434343434	0.5636363636363637	0.7725919128693575	0.0	0.0	0.0	116
1.5976643994105224	1.5489258089934743	0.6898316209783266	0.6725928763987188	0.7955555555555557	0.3589093852239939	27.0	0.0	14.0	0.0	3.0	-1.1729547604356578	0.8195959595959597	1.1818181818181819	1.5440404040404043	2.704071695042751	0.07692307692307693	1.0	0.14285714285714285	108
1.0448862968084678	1.0367645284728637	0.34826325978176326	0.34537864132930945	0.37050505050505045	0.4109680843905605	6.0	0.0	5.0	0.0	0.0	-1.2344332138701566	0.018383838383838388	0.21212121212121213	0.40585858585858586	0.9657398910866968	0.0	0.0	0.0	118
0.9450083143897742	0.9407041938880998	0.6780065007627595	0.6741608476377089	0.5604040404040403	0.713732613061792	6.0	0.0	4.0	0.0	1.0	-0.2013514382251571	0.11393939393939394	0.40404040404040403	0.6941414141414142	0.7725919128693575	0.0	0.0	0.0	93
1.1322512091154782	1.119995944426637	0.8190121335225579	0.8102508339347279	0.6763636363636364	0.743251558675571	14.0	0.0	6.0	0.0	3.0	-0.18429298536968355	0.2694949494949495	0.6666666666666667	1.0638383838383838	1.158887869304036	0.0	0.0	0.0	115
1.1322512091154782	1.119995944426637	0.5507257813906908	0.5448344479610466	0.5701010101010101	0.6014818056219908	10.0	0.0	6.0	0.0	1.0	-0.8599758969471767	0.07252525252525252	0.3939393939393939	0.7153535353535354	1.158887869304036	0.0	0.0	0.0	112
1.344073735825258	1.3184101303266593	0.7987990997307758	0.7852497479883048	0.7907070707070708	-0.7038435140621893	21.0	0.0	9.0	0.0	4.0	-0.5802856705777808	2.342626262626263	1.8383838383838385	1.3341414141414145	1.7383318039560542	0.0	0.0	0.0	118
1.1322512091154782	1.119995944426637	0.4105947650018141	0.4062024689684166	0.41696969696969716	0.4687853167638394	11.0	0.0	6.0	0.0	2.0	-1.2128978119218559	0.03232323232323232	0.2828282828282828	0.5333333333333333	1.158887869304036	0.0	0.0	0.0	121
1.456812522224161	1.4218876372101144	0.7748772264477235	0.7590093392131948	0.7927272727272728	0.6530967924414199	24.0	0.0	11.0	0.0	3.0	-0.7985202363496953	0.38424242424242433	0.9292929292929293	1.4743434343434347	2.124627760390733	0.0	0.0	0.0	108
1.1322512091154782	1.119995944426637	0.6207135254250908	0.6140735051715722	0.594949494949495	0.6581897068434228	12.0	0.0	6.0	0.0	3.0	-0.6837107895791351	0.10282828282828282	0.4545454545454546	0.8062626262626262	1.158887869304036	0.0	0.0	0.0	119
1.5538594577875808	1.509692160062358	0.9009178312979105	0.8796784070692601	0.8719191919191921	0.7940515106809898	36.0	0.0	13.0	0.0	6.0	-0.6379833329193014	0.4062626262626263	1.1616161616161615	1.9169696969696972	2.5109237168254115	0.0	0.0	0.0	98
1.5538594577875808	1.509692160062358	0.8012272714008923	0.7823380838083557	0.8486868686868688	0.5498259858660292	29.0	0.0	13.0	0.0	4.0	-0.8658289124893291	0.6587878787878789	1.1818181818181819	1.7048484848484853	2.5109237168254115	0.0	0.0	0.0	110
1.2100396725572446	1.1934377579838085	0.8566749614546368	0.8455921934338748	0.717777777777778	0.7966190139912714	19.0	0.0	7.0	0.0	4.0	-0.22506710343752212	0.27272727272727276	0.7474747474747474	1.2222222222222223	1.3520358475213754	0.0	0.0	0.0	89
1.0448862968084678	1.0367645284728637	0.3801599446000034	0.3770111301319939	0.29252525252525263	0.4469652888627264	8.0	0.0	5.0	0.0	1.0	-1.1524765529406402	0.02161616161616162	0.23232323232323232	0.44303030303030305	0.9657398910866968	0.0	0.0	0.0	108
1.344073735825258	1.3184101303266593	0.5827701487739063	0.5728851129327154	0.6834343434343435	0.03327465330903002	15.0	0.0	9.0	0.0	3.0	-1.0982884840974603	0.9256565656565657	0.9494949494949496	0.9733333333333336	1.7383318039560542	0.0	0.0	0.0	103
1.344073735825258	1.3184101303266593	0.584826415384358	0.5749065008363798	0.6315151515151516	0.6161450633917808	13.0	0.0	9.0	0.0	3.0	-1.0933578862084155	0.09393939393939395	0.5353535353535354	0.9767676767676768	1.7383318039560542	0.0	0.0	0.0	114
1.5070406700472805	1.4674825756639511	0.6984512996352192	0.683033606241498	0.7612121212121216	0.7170899685990108	27.0	0.0	12.0	0.0	5.0	-1.0422790390754668	0.12727272727272726	0.7676767676767675	1.4080808080808083	2.317775738608072	0.0	0.0	0.0	106
1.4026911725731355	1.3724055377271644	0.5607866469964108	0.5502564899298391	0.6703030303030304	0.5370120045009601	20.0	0.0	10.0	0.0	4.0	-1.2295042763315873	0.16929292929292933	0.5858585858585859	1.0024242424242427	1.9314797821733936	0.0	0.0	0.0	99
1.1322512091154782	1.119995944426637	0.6250683183872314	0.6183817131757827	0.5862626262626264	-0.9568513199429652	13.0	0.0	6.0	0.0	3.0	-0.6727431828984567	1.8345454545454545	1.323232323232323	0.811919191919192	1.158887869304036	0.0	0.0	0.0	124
1.4026911725731355	1.3724055377271644	0.6012464655423025	0.5899565752573043	0.5660606060606062	-0.35939697682411414	14.0	0.0	10.0	0.0	2.0	-1.1337923198176136	1.632323232323232	1.3535353535353534	1.074747474747475	1.9314797821733936	0.1111111111111111	1.0	0.2	100
1.280192013892186	1.2591029260400894	0.5618278159058563	0.5533892101323808	0.6165656565656567	0.6033986664088555	16.0	0.0	8.0	0.0	2.0	-1.0585712447903137	0.07858585858585859	0.4747474747474748	0.8709090909090909	1.545183825738715	0.0	0.0	0.0	102
1.5070406700472805	1.4674825756639511	0.926825835053966	0.9063669762019533	0.8575757575757578	0.7688923669615261	28.0	0.0	12.0	0.0	5.0	-0.5147730975609299	0.49515151515151523	1.1818181818181817	1.8684848484848486	2.317775738608072	0.0	0.0	0.0	88
1.1322512091154782	1.119995944426637	0.5903855030101842	0.5840699137136778	0.5507070707070707	-0.8710333627611977	10.0	0.0	6.0	0.0	2.0	-0.7600923361052864	1.6977777777777776	1.232323232323232	0.7668686868686869	1.158887869304036	0.0	0.0	0.0	103
0.9450083143897742	0.9407041938880998	0.5059396588928159	0.5030699689589888	0.42707070707070727	0.5785409203369959	7.0	0.0	4.0	0.0	2.0	-0.6534887139512997	0.04767676767676768	0.28282828282828276	0.517979797979798	0.7725919128693575	0.0	0.0	0.0	116
1.0448862968084678	1.0367645284728637	0.533229361417971	0.528812693244876	0.5076767676767677	0.5896684923059554	8.0	0.0	5.0	0.0	2.0	-0.7591736638060593	0.06545454545454545	0.3434343434343434	0.6214141414141414	0.9657398910866968	0.0	0.0	0.0	104
1.456812522224161	1.4218876372101144	0.4937214446398896	0.4836110478680948	0.5610101010101011	0.5204440710708128	20.0	0.0	11.0	0.0	3.0	-1.4554144286774235	0.07070707070707069	0.505050505050505	0.9393939393939397	2.124627760390733	0.0	0.0	0.0	106
0.9450083143897742	0.9407041938880998	0.3358460606222982	0.3339411416412632	0.32101010101010113	0.3986166822253182	5.0	0.0	4.0	0.0	0.0	-1.1004409291759958	0.019797979797979797	0.18181818181818185	0.34383838383838383	0.7725919128693575	0.0	0.0	0.0	125
1.5070406700472805	1.4674825756639511	0.5342100255890034	0.5224178127508502	0.6195959595959596	0.5612303508183424	17.0	0.0	12.0	0.0	2.0	-1.4216481650703445	0.07454545454545454	0.5757575757575758	1.0769696969696971	2.317775738608072	0.09090909090909091	1.0	0.16666666666666666	108
1.1322512091154782	1.119995944426637	0.8894664625171874	0.8799514848599903	0.7313131313131314	0.6309699142571356	12.0	0.0	6.0	0.0	2.0	-0.006852777285854797	0.48101010101010105	0.8181818181818181	1.1553535353535354	1.158887869304036	0.0	0.0	0.0	114
1.1322512091154782	1.119995944426637	0.31463379151464765	0.3112680283042071	0.3264646464646466	0.36784525258969003	10.0	0.0	6.0	0.0	2.0	-1.454576859135371	0.015555555555555555	0.21212121212121213	0.40868686868686865	1.158887869304036	0.0	0.0	0.0	101
1.456812522224161	1.4218876372101144	0.7413254035431631	0.7261445884333414	0.8169696969696971	0.5281902153844247	23.0	0.0	11.0	0.0	4.0	-0.8769109330172039	0.528888888888889	0.9696969696969697	1.4105050505050507	2.124627760390733	0.0	0.0	0.0	97
1.2100396725572446	1.1934377579838085	0.4648700658604252	0.45885606132948936	0.476767676767677	0.5196667865738801	13.0	0.0	7.0	0.0	2.0	-1.1942275989291342	0.04383838383838383	0.3535353535353536	0.6632323232323232	1.3520358475213754	0.0	0.0	0.0	104
1.4026911725731355	1.3724055377271644	0.7483936268460767	0.734340684465013	0.7828282828282829	0.6047244783953587	18.0	0.0	10.0	0.0	3.0	-0.785700232160648	0.39959595959595967	0.8686868686868687	1.3377777777777782	1.9314797821733936	0.1111111111111111	1.0	0.2	101
1.280192013892186	1.2591029260400894	0.6544883533934611	0.644657994266949	0.6868686868686869	0.6529382815500215	12.0	0.0	8.0	0.0	1.0	-0.8330706937573292	0.15717171717171716	0.5858585858585859	1.0145454545454546	1.545183825738715	0.14285714285714285	1.0	0.25	114
1.0448862968084678	1.0367645284728637	0.8386747888622051	0.8317281566705819	0.630909090909091	0.7876531169028674	10.0	0.0	5.0	0.0	2.0	0.025650447921156404	0.23474747474747476	0.6060606060606061	0.9773737373737372	0.9657398910866968	0.0	0.0	0.0	140
1.280192013892186	1.2591029260400894	0.46630014505014017	0.45929635672782626	0.49212121212121235	0.516319715570658	15.0	0.0	8.0	0.0	3.0	-1.2910493093573705	0.04484848484848484	0.38383838383838376	0.7228282828282829	1.545183825738715	0.0	0.0	0.0	139
1.2100396725572446	1.1934377579838085	0.3539979179564614	0.34941826174953494	0.38969696969696976	0.40678417735724465	11.0	0.0	7.0	0.0	2.0	-1.468478653490006	0.0202020202020202	0.26262626262626265	0.505050505050505	1.3520358475213754	0.0	0.0	0.0	120
1.1322512091154782	1.119995944426637	0.5399943273054161	0.5342177925220993	0.5369696969696969	0.5942988048006091	10.0	0.0	6.0	0.0	2.0	-0.8870032134102767	0.06626262626262626	0.38383838383838387	0.7014141414141414	1.158887869304036	0.0	0.0	0.0	107
0.9450083143897742	0.9407041938880998	0.5795416451514042	0.5762544847240836	0.5250505050505051	0.5402697426171087	6.0	0.0	4.0	0.0	1.0	-0.46008595724734186	0.15414141414141416	0.3737373737373737	0.5933333333333334	0.7725919128693575	0.0	0.0	0.0	95
1.0448862968084678	1.0367645284728637	0.46128846902900544	0.4574676777388216	0.4383838383838387	0.5189596978070582	9.0	0.0	5.0	0.0	1.0	-0.9440215675329575	0.048282828282828275	0.29292929292929293	0.5375757575757576	0.9657398910866968	0.0	0.0	0.0	120
1.5070406700472805	1.4674825756639511	0.789340155986603	0.7719161716448035	0.7975757575757577	-0.37845158279689056	25.0	0.0	12.0	0.0	4.0	-0.8323413958311994	2.267272727272728	1.9292929292929293	1.5913131313131317	2.317775738608072	0.0	0.0	0.0	104
1.280192013892186	1.2591029260400894	0.8989766351469722	0.8854740829258092	0.7652525252525253	0.6455534941997858	16.0	0.0	8.0	0.0	5.0	-0.23807908512458859	0.5458585858585859	0.9696969696969696	1.3935353535353536	1.545183825738715	0.0	0.0	0.0	127
0.9450083143897742	0.9407041938880998	0.5173844717694864	0.5144498668527568	0.44565656565656586	-1.032824770154877	7.0	0.0	4.0	0.0	2.0	-0.6234153630429096	1.3692929292929292	0.9494949494949494	0.5296969696969697	0.7725919128693575	0.0	0.0	0.0	111
0.8277465128678779	0.8267906928265433	0.5492287729612708	0.5476690705824316	0.39535353535353535	0.6365128531934624	6.0	0.0	3.0	0.0	1.0	-0.31420582175952494	0.04727272727272728	0.26262626262626265	0.47797979797979795	0.579443934652018	0.0	0.0	0.0	127
0.8277465128678779	0.8267906928265433	0.7377214879420619	0.7356265030900118	0.5369696969696969	0.7630988990443197	6.0	0.0	3.0	0.0	2.0	0.1937810556116148	0.12565656565656566	0.38383838383838387	0.6420202020202019	0.579443934652018	0.0	0.0	0.0	91
1.2100396725572446	1.1934377579838085	0.30160622609890514	0.2977043590106038	0.29353535353535376	0.3491564188983018	9.0	0.0	7.0	0.0	2.0	-1.5980736601151944	0.01414141414141414	0.22222222222222224	0.4303030303030303	1.3520358475213754	0.0	0.0	0.0	98
1.0448862968084678	1.0367645284728637	0.8083382679752921	0.8016429091680288	0.6032323232323233	0.13413244047366588	9.0	0.0	5.0	0.0	2.0	-0.05229746328898117	0.8155555555555555	0.8787878787878787	0.942020202020202	0.9657398910866968	0.0	0.0	0.0	98
1.0448862968084678	1.0367645284728637	0.7500921478724191	0.7438792339631272	0.6179797979797981	0.7186584749978838	9.0	0.0	5.0	0.0	1.0	-0.20195745281244523	0.19656565656565655	0.5353535353535352	0.8741414141414143	0.9657398910866968	0.0	0.0	0.0	112
1.344073735825258	1.3184101303266593	0.6127674499146137	0.602373595292058	0.6789898989898989	0.5261907040224546	15.0	0.0	9.0	0.0	2.0	-1.026359761951391	0.26949494949494956	0.6464646464646464	1.0234343434343436	1.7383318039560542	0.125	1.0	0.2222222222222222	129
0.683750117678692	0.6854202331140761	0.16869748413613353	0.16873850267470664	0.1157575757575758	0.21529038171034476	3.0	0.0	2.0	0.0	0.0	-1.0694461640119157	0.0036363636363636364	0.06060606060606061	0.11757575757575757	0.38629595643467873	0.0	0.0	0.0	95
1.280192013892186	1.2591029260400894	0.6007947648633722	0.5917708788471993	0.5074747474747475	0.6492458878749037	17.0	0.0	8.0	0.0	4.0	-0.9637404926681442	0.07878787878787878	0.505050505050505	0.9313131313131314	1.545183825738715	0.0	0.0	0.0	107
1.5976643994105224	1.5489258089934743	0.634775060884544	0.618912167959203	0.7553535353535354	0.6571664872785117	30.0	0.0	14.0	0.0	5.0	-1.2975599683262153	0.09434343434343434	0.7575757575757577	1.420808080808081	2.704071695042751	0.0	0.0	0.0	104
1.280192013892186	1.2591029260400894	0.8315990009963511	0.8191084550811234	0.775757575757576	0.7787873659769579	21.0	0.0	8.0	0.0	5.0	-0.4020506531752957	0.26646464646464646	0.7777777777777778	1.2890909090909093	1.545183825738715	0.0	0.0	0.0	109
1.0448862968084678	1.0367645284728637	0.5987562465337035	0.5937968278503908	0.5482828282828283	0.6230944678872524	7.0	0.0	5.0	0.0	1.0	-0.5908061755921615	0.11030303030303029	0.40404040404040403	0.6977777777777778	0.9657398910866968	0.0	0.0	0.0	117
1.4026911725731355	1.3724055377271644	0.6010204330364595	0.5897347870711173	0.7133333333333333	-0.724523470670063	18.0	0.0	10.0	0.0	3.0	-1.1343270234852898	2.198383838383839	1.6363636363636362	1.0743434343434344	1.9314797821733936	0.0	0.0	0.0	112
1.0448862968084678	1.0367645284728637	0.33214156582471793	0.32939048122795267	0.32525252525252535	0.39254094400599937	8.0	0.0	5.0	0.0	2.0	-1.2758569609704011	0.01696969696969697	0.20202020202020202	0.38707070707070707	0.9657398910866968	0.0	0.0	0.0	116
0.9450083143897742	0.9407041938880998	0.6685349314855148	0.6647430011049352	0.5757575757575759	0.4910639426915392	7.0	0.0	4.0	0.0	1.0	-0.2262397286321009	0.28525252525252526	0.48484848484848486	0.6844444444444444	0.7725919128693575	0.0	0.0	0.0	108
0.9450083143897742	0.9407041938880998	0.43924402523221845	0.4367526329573748	0.33939393939393936	0.5099510174104447	6.0	0.0	4.0	0.0	1.0	-0.8287437589001945	0.035151515151515156	0.24242424242424243	0.4496969696969697	0.7725919128693575	0.0	0.0	0.0	108
1.280192013892186	1.2591029260400894	0.4322855173648169	0.42579262584298483	0.5296969696969696	0.48216507407581716	12.0	0.0	8.0	0.0	1.0	-1.3738279926479595	0.036969696969696965	0.3535353535353535	0.6701010101010102	1.545183825738715	0.0	0.0	0.0	106
1.2100396725572446	1.1934377579838085	0.6674984740987038	0.6588630743549233	0.6721212121212121	0.10644185974181253	14.0	0.0	7.0	0.0	3.0	-0.6930101543868513	0.8254545454545454	0.8888888888888888	0.9523232323232323	1.3520358475213754	0.0	0.0	0.0	115
1.2100396725572446	1.1934377579838085	0.30160622609890514	0.2977043590106038	0.27676767676767694	0.3491564188983017	9.0	0.0	7.0	0.0	2.0	-1.5980736601151946	0.014141414141414139	0.22222222222222224	0.43030303030303024	1.3520358475213754	0.0	0.0	0.0	91
0.9450083143897742	0.9407041938880998	0.28434440267728067	0.2827316011193069	0.22505050505050517	0.34344654291483157	7.0	0.0	4.0	0.0	2.0	-1.2357710082637516	0.01191919191919192	0.15151515151515152	0.2911111111111111	0.7725919128693575	0.0	0.0	0.0	104
1.2100396725572446	1.1934377579838085	0.784317787024336	0.7741711007322698	0.6133333333333334	0.7420421368625075	16.0	0.0	7.0	0.0	4.0	-0.4040483152901474	0.23454545454545453	0.6767676767676767	1.118989898989899	1.3520358475213754	0.0	0.0	0.0	97
1.2100396725572446	1.1934377579838085	0.5760254120987541	0.5685733955188434	0.6220202020202021	0.5993286879730075	13.0	0.0	7.0	0.0	3.0	-0.9192760308189369	0.10747474747474749	0.46464646464646464	0.8218181818181819	1.3520358475213754	0.0	0.0	0.0	111
1.4026911725731355	1.3724055377271644	0.422793802179277	0.41485480226270205	0.5606060606060606	0.46643477209564455	16.0	0.0	10.0	0.0	2.0	-1.5559408654476818	0.03212121212121213	0.3939393939393939	0.7557575757575757	1.9314797821733936	0.0	0.0	0.0	98
				0.0		1.0	0.0	0.0	0.0	4294967295.0		0.0	0.0	0.0	0.0		0.0		101
0.9450083143897742	0.9407041938880998	0.6436720621327476	0.6400211539564046	0.5149494949494948	0.676952520188134	8.0	0.0	4.0	0.0	2.0	-0.291571490950328	0.1086868686868687	0.3838383838383838	0.6589898989898989	0.7725919128693575	0.0	0.0	0.0	102
1.280192013892186	1.2591029260400894	0.9017134442710787	0.8881697854107966	0.7975757575757576	0.3904706311437219	20.0	0.0	8.0	0.0	3.0	-0.23141873129660992	0.8850505050505052	1.1414141414141414	1.397777777777778	1.545183825738715	0.0	0.0	0.0	108
1.1322512091154782	1.119995944426637	0.543104893706945	0.5372950839536784	0.5141414141414143	-0.7969350384985271	10.0	0.0	6.0	0.0	2.0	-0.8791692086383633	1.557171717171717	1.1313131313131315	0.7054545454545456	1.158887869304036	0.0	0.0	0.0	122
1.4026911725731355	1.3724055377271644	0.41047503061083507	0.40276734611551296	0.522020202020202	0.4510692491734543	17.0	0.0	10.0	0.0	2.0	-1.5850822153360147	0.03393939393939394	0.38383838383838376	0.7337373737373738	1.9314797821733936	0.0	0.0	0.0	99
1.0448862968084678	1.0367645284728637	0.4791436784653029	0.47517499484032427	0.3981818181818183	0.541672219676401	9.0	0.0	5.0	0.0	2.0	-0.8981436540778478	0.04767676767676768	0.30303030303030304	0.5583838383838384	0.9657398910866968	0.0	0.0	0.0	102
1.280192013892186	1.2591029260400894	0.3758551197106216	0.3702098079382478	0.38949494949494945	0.42585607053026836	11.0	0.0	8.0	0.0	3.0	-1.5111581453867533	0.023434343434343436	0.30303030303030304	0.5826262626262626	1.545183825738715	0.0	0.0	0.0	125
1.344073735825258	1.3184101303266593	0.6409503981637462	0.6300785000893437	0.7404040404040405	0.4931980393007894	18.0	0.0	9.0	0.0	2.0	-0.9587815673544786	0.36383838383838385	0.7171717171717171	1.0705050505050506	1.7383318039560542	0.0	0.0	0.0	93
1.0448862968084678	1.0367645284728637	0.49526537242234814	0.49116315494168095	0.4290909090909091	-1.0683456041560664	9.0	0.0	5.0	0.0	2.0	-0.8567199069776034	1.5844444444444443	1.0808080808080809	0.5771717171717171	0.9657398910866968	0.0	0.0	0.0	129
1.1322512091154782	1.119995944426637	0.3905316117119527	0.38635393923473266	0.44060606060606067	0.4389191554538852	8.0	0.0	6.0	0.0	1.0	-1.2634271427006944	0.03818181818181818	0.2727272727272727	0.5072727272727273	1.158887869304036	0.0	0.0	0.0	113
1.2100396725572446	1.1934377579838085	0.5808397837829621	0.5733254838786372	0.5731313131313133	0.6108542396647965	12.0	0.0	7.0	0.0	3.0	-0.9073673004804058	0.10060606060606059	0.4646464646464646	0.8286868686868689	1.3520358475213754	0.16666666666666666	1.0	0.2857142857142857	101
1.2100396725572446	1.1934377579838085	0.3276604728605007	0.3234215430753696	0.38868686868686864	0.37763131131330885	9.0	0.0	7.0	0.0	2.0	-1.533626413577263	0.017373737373737375	0.24242424242424243	0.46747474747474743	1.3520358475213754	0.0	0.0	0.0	112
0.9450083143897742	0.9407041938880998	0.5045583883732176	0.5016965330062927	0.3941414141414143	0.5502103082586376	9.0	0.0	4.0	0.0	2.0	-0.6571182563023124	0.0692929292929293	0.29292929292929293	0.5165656565656566	0.7725919128693575	0.0	0.0	0.0	78
1.344073735825258	1.3184101303266593	0.8082337347669659	0.7945243513110012	0.8141414141414143	0.5307025214202892	20.0	0.0	9.0	0.0	3.0	-0.5576629273221623	0.5894949494949497	0.9696969696969697	1.3498989898989902	1.7383318039560542	0.0	0.0	0.0	107
1.0448862968084678	1.0367645284728637	0.8350344063557757	0.8281179269702756	0.657979797979798	0.8429345380565513	13.0	0.0	5.0	0.0	2.0	0.016296698575940297	0.17838383838383837	0.5757575757575757	0.9731313131313132	0.9657398910866968	0.0	0.0	0.0	101
1.5538594577875808	1.509692160062358	0.6752373923691369	0.6593184562205269	0.7563636363636366	0.6396585049936191	28.0	0.0	13.0	0.0	4.0	-1.153782325907831	0.21979797979797983	0.8282828282828283	1.4367676767676771	2.5109237168254115	0.0	0.0	0.0	107
0.683750117678692	0.6854202331140761	0.16869748413613353	0.16873850267470664	0.1157575757575758	0.21529038171034476	3.0	0.0	2.0	0.0	0.0	-1.0694461640119157	0.0036363636363636364	0.06060606060606061	0.11757575757575757	0.38629595643467873	0.0	0.0	0.0	96
0.9450083143897742	0.9407041938880998	0.6860967995204059	0.6822052582177863	0.5010101010101011	-2.720235787804447	6.0	0.0	4.0	0.0	1.0	-0.18009269016922597	2.9137373737373737	1.808080808080808	0.7024242424242425	0.7725919128693575	0.0	0.0	0.0	110
1.0448862968084678	1.0367645284728637	0.26834819618823763	0.26612550362258386	0.27595959595959607	0.3205465350616675	7.0	0.0	5.0	0.0	1.0	-1.4397702828294339	0.010505050505050503	0.16161616161616163	0.3127272727272727	0.9657398910866968	0.0	0.0	0.0	103
1.344073735825258	1.3184101303266593	0.6280080142038442	0.617355646813337	0.7246464646464648	0.22333496119281054	16.0	0.0	9.0	0.0	3.0	-0.9898153305384684	0.7288888888888889	0.8888888888888887	1.048888888888889	1.7383318039560542	0.0	0.0	0.0	118
1.2100396725572446	1.1934377579838085	1.0239035778972694	1.0106573802843553	0.8381818181818183	0.1969513392037997	18.0	0.0	7.0	0.0	4.0	0.188586147439093	1.2260606060606056	1.3434343434343434	1.460808080808081	1.3520358475213754	0.0	0.0	0.0	113
1.344073735825258	1.3184101303266593	1.1196976478206828	1.1007051661307898	0.8854545454545455	0.9325362584149287	24.0	0.0	9.0	0.0	4.0	0.18917763528319825	0.5339393939393939	1.202020202020202	1.8701010101010103	1.7383318039560542	0.0	0.0	0.0	89
1.280192013892186	1.2591029260400894	0.863007143801573	0.850044850265977	0.7822222222222224	0.8683279125985677	18.0	0.0	8.0	0.0	2.0	-0.3256151640065908	0.19757575757575763	0.7676767676767677	1.337777777777778	1.545183825738715	0.0	0.0	0.0	102
1.2100396725572446	1.1934377579838085	0.37863617304623115	0.37373777276730263	0.41939393939393954	0.43186920162760806	12.0	0.0	7.0	0.0	1.0	-1.4075339746987012	0.025454545454545455	0.2828282828282829	0.5402020202020201	1.3520358475213754	0.0	0.0	0.0	116
1.1322512091154782	1.119995944426637	0.6104486563000454	0.6039184434473617	0.637979797979798	0.5954329628250378	9.0	0.0	6.0	0.0	2.0	-0.7095630053264481	0.15656565656565655	0.47474747474747475	0.7929292929292928	1.158887869304036	0.0	0.0	0.0	103
0.8277465128678779	0.8267906928265433	0.6931517819367518	0.691183366339451	0.5028282828282827	0.7081653319769667	5.0	0.0	3.0	0.0	1.0	0.07366593189824207	0.12404040404040405	0.36363636363636365	0.6032323232323232	0.579443934652018	0.0	0.0	0.0	106
0.8277465128678779	0.8267906928265433	0.24536551691465058	0.2446687267986603	0.1884848484848486	0.30273172286030536	5.0	0.0	3.0	0.0	1.0	-1.133115701659552	0.008686868686868687	0.1111111111111111	0.21353535353535352	0.579443934652018	0.0	0.0	0.0	116
1.0448862968084678	1.0367645284728637	0.8648508725989132	0.8576874273727849	0.7278787878787879	0.10242061748628145	10.0	0.0	5.0	0.0	2.0	0.09290835987961835	0.9113131313131314	0.9595959595959596	1.0078787878787878	0.9657398910866968	0.0	0.0	0.0	103
1.0448862968084678	1.0367645284728637	0.6459078675693627	0.6405578982543589	0.5808080808080808	0.6110953997298636	11.0	0.0	5.0	0.0	3.0	-0.46965285073983326	0.17656565656565656	0.46464646464646464	0.7527272727272727	0.9657398910866968	0.0	0.0	0.0	89
0.8277465128678779	0.8267906928265433	0.3656108695748105	0.3645726061569442	0.2555555555555558	0.432900392650338	6.0	0.0	3.0	0.0	2.0	-0.8090551074745146	0.025252525252525256	0.17171717171717174	0.3181818181818182	0.579443934652018	0.0	0.0	0.0	107
1.2100396725572446	1.1934377579838085	0.9130314299933056	0.9012195807044009	0.7880808080808082	0.18576477432647523	18.0	0.0	7.0	0.0	5.0	-0.08566490712177877	1.081212121212121	1.191919191919192	1.3026262626262628	1.3520358475213754	0.0	0.0	0.0	103
1.1322512091154782	1.119995944426637	0.45087659990161316	0.4460533930073634	0.45919191919191943	0.5099930583180798	10.0	0.0	6.0	0.0	2.0	-1.1114474501255833	0.040606060606060604	0.31313131313131315	0.5856565656565655	1.158887869304036	0.0	0.0	0.0	113
1.4026911725731355	1.3724055377271644	0.6956150367317429	0.6825531429903585	0.7606060606060607	0.10547519972012087	20.0	0.0	10.0	0.0	3.0	-0.9105535385629547	1.0797979797979795	1.1616161616161615	1.2434343434343436	1.9314797821733936	0.0	0.0	0.0	106
0.9450083143897742	0.9407041938880998	0.6105215696623917	0.6070586910916971	0.5042424242424243	0.6431545970069351	8.0	0.0	4.0	0.0	1.0	-0.37868050737463044	0.10222222222222223	0.36363636363636365	0.6250505050505051	0.7725919128693575	0.0	0.0	0.0	114
1.280192013892186	1.2591029260400894	0.54084561262104	0.5327221577474787	0.5624242424242424	0.5692440249140149	15.0	0.0	8.0	0.0	3.0	-1.1096339574714817	0.0909090909090909	0.46464646464646453	0.8383838383838383	1.545183825738715	0.0	0.0	0.0	126
1.344073735825258	1.3184101303266593	0.7558594146301661	0.7430384123529552	0.7812121212121214	0.6764906210878182	15.0	0.0	9.0	0.0	3.0	-0.6832481559078405	0.2931313131313132	0.7777777777777777	1.2624242424242427	1.7383318039560542	0.0	0.0	0.0	115
1.1322512091154782	1.119995944426637	0.38322178066835977	0.37912230437052213	0.37131313131313126	0.44005331347831367	9.0	0.0	6.0	0.0	2.0	-1.2818370539146902	0.027474747474747478	0.26262626262626265	0.49777777777777776	1.158887869304036	0.0	0.0	0.0	122
1.1322512091154782	1.119995944426637	0.39675274451501047	0.3925085220978904	0.4163636363636365	0.454041262446267	9.0	0.0	6.0	0.0	2.0	-1.2477591331568687	0.030101010101010104	0.2727272727272727	0.5153535353535353	1.158887869304036	0.0	0.0	0.0	117
1.280192013892186	1.2591029260400894	0.3513541618376684	0.34607685235836205	0.34121212121212124	0.3987785169127369	8.0	0.0	8.0	0.0	1.0	-1.5707841701324652	0.021010101010101014	0.28282828282828276	0.5446464646464646	1.545183825738715	0.2857142857142857	2.0	0.5	111
1.280192013892186	1.2591029260400894	0.9555373570451726	0.9411852676155457	0.7975757575757576	0.7483251181572351	14.0	0.0	8.0	0.0	2.0	-0.10043177267970065	0.49858585858585863	0.9898989898989898	1.4812121212121214	1.545183825738715	0.0	0.0	0.0	108
1.344073735825258	1.3184101303266593	0.5157600486450676	0.5070116483074092	0.6056565656565658	0.5256267268477252	16.0	0.0	9.0	0.0	3.0	-1.2589679682463422	0.10828282828282829	0.48484848484848475	0.8614141414141414	1.7383318039560542	0.0	0.0	0.0	123
1.0448862968084678	1.0367645284728637	1.038549123619982	1.0299469587874033	0.7121212121212123	0.8746463610439356	12.0	0.0	5.0	0.0	3.0	0.5392158286370935	0.3856565656565657	0.797979797979798	1.2103030303030304	0.9657398910866968	0.0	0.0	0.0	100
1.280192013892186	1.2591029260400894	0.3974889442154632	0.39151869424814706	0.4901010101010102	0.44616423574341724	12.0	0.0	8.0	0.0	2.0	-1.458509634175114	0.030303030303030304	0.3232323232323232	0.6161616161616162	1.545183825738715	0.0	0.0	0.0	96
1.344073735825258	1.3184101303266593	0.8176683698031563	0.8037989546336978	0.7579797979797981	0.7218907836535285	19.0	0.0	9.0	0.0	4.0	-0.5350401840665435	0.33131313131313134	0.8484848484848484	1.365656565656566	1.7383318039560542	0.0	0.0	0.0	103
0.8277465128678779	0.8267906928265433	0.6191010724800124	0.6173429464257588	0.46464646464646475	-1.2437676108836606	6.0	0.0	3.0	0.0	2.0	-0.12590034135470568	1.3804040404040403	0.9595959595959596	0.5387878787878788	0.579443934652018	0.0	0.0	0.0	106
1.5070406700472805	1.4674825756639511	0.5530491711171843	0.5408411008388561	0.6862626262626264	0.581136949315728	20.0	0.0	12.0	0.0	3.0	-1.3781329755114446	0.07696969696969697	0.5959595959595959	1.114949494949495	2.317775738608072	0.0	0.0	0.0	108
1.2100396725572446	1.1934377579838085	0.6478161898603245	0.6394354190016491	0.5672727272727273	0.6864482992903508	14.0	0.0	7.0	0.0	4.0	-0.7416958460649625	0.10606060606060606	0.5151515151515151	0.9242424242424243	1.3520358475213754	0.0	0.0	0.0	110
1.344073735825258	1.3184101303266593	1.1108677970816845	1.0920250886621123	0.8931313131313132	0.7568573684867462	26.0	0.0	9.0	0.0	5.0	0.16800506787729905	0.770909090909091	1.3131313131313131	1.8553535353535358	1.7383318039560542	0.125	1.0	0.2222222222222222	111
1.280192013892186	1.2591029260400894	0.32763514942874566	0.3227140974884726	0.42020202020202024	0.37354716013276423	11.0	0.0	8.0	0.0	1.0	-1.6285072366416116	0.017373737373737375	0.26262626262626265	0.5078787878787878	1.545183825738715	0.0	0.0	0.0	105
0.48926949305991313	0.4923299360854566	0.12171195550955921	0.12215154918491766	0.05878787878787882	0.15956918067315926	2.0	0.0	1.0	0.0	4294967295.0	-0.7976010493015054	0.0018181818181818182	0.030303030303030304	0.058787878787878785	0.19314797821733937		0.0		107
0.8277465128678779	0.8267906928265433	0.8428781380483409	0.8404845288608663	0.5773737373737374	-0.6084489656699233	7.0	0.0	3.0	0.0	2.0	0.4771776756228546	1.1452525252525252	0.9393939393939394	0.7335353535353536	0.579443934652018	0.0	0.0	0.0	107
1.5070406700472805	1.4674825756639511	0.8018661835984253	0.7841656982990627	0.8070707070707072	0.5433596544400072	26.0	0.0	12.0	0.0	4.0	-0.8034084240500161	0.6460606060606061	1.1313131313131315	1.6165656565656568	2.317775738608072	0.09090909090909091	1.0	0.16666666666666666	107
1.344073735825258	1.3184101303266593	0.6188152928865305	0.608318853832248	0.7016161616161616	0.6248867096000851	18.0	0.0	9.0	0.0	3.0	-1.0118580034541995	0.1381818181818182	0.5858585858585859	1.0335353535353535	1.7383318039560542	0.0	0.0	0.0	108
0.48926949305991313	0.4923299360854566	0.9247599093870633	0.9280999149410755	0.4466666666666666	0.6348816337421445	2.0	0.0	1.0	0.0	4294967295.0	1.5049614638822442	0.22	0.3333333333333333	0.44666666666666666	0.19314797821733937		0.0		115
1.344073735825258	1.3184101303266593	0.5412819459865568	0.5321006393470115	0.6072727272727273	0.5710268894134355	14.0	0.0	9.0	0.0	1.0	-1.1977705473881939	0.08585858585858586	0.49494949494949486	0.9040404040404042	1.7383318039560542	0.125	1.0	0.2222222222222222	107
0.8277465128678779	0.8267906928265433	0.3087380676409511	0.307861311865864	0.24000000000000016	0.37617551361339724	5.0	0.0	3.0	0.0	1.0	-0.9623270101295999	0.014141414141414142	0.1414141414141414	0.2686868686868687	0.579443934652018	0.0	0.0	0.0	93
1.1322512091154782	1.119995944426637	0.6678386064082537	0.6606944703599927	0.5775757575757576	0.6404212311273744	13.0	0.0	6.0	0.0	3.0	-0.5650256172846536	0.18303030303030304	0.5252525252525252	0.8674747474747475	1.158887869304036	0.0	0.0	0.0	99
0.9450083143897742	0.9407041938880998	0.3019062707121717	0.3001938582321579	0.24141414141414153	0.3628306459158134	7.0	0.0	4.0	0.0	2.0	-1.189623969800877	0.01414141414141414	0.16161616161616163	0.3090909090909091	0.7725919128693575	0.0	0.0	0.0	87
1.280192013892186	1.2591029260400894	1.0210904517797226	1.00575376047024	0.852929292929293	0.48770366458849407	23.0	0.0	8.0	0.0	4.0	0.0590995594856875	0.9424242424242424	1.2626262626262625	1.582828282828283	1.545183825738715	0.0	0.0	0.0	109
1.0448862968084678	1.0367645284728637	0.3928146075985443	0.38956097623305885	0.38505050505050503	0.45682166627772414	8.0	0.0	5.0	0.0	1.0	-1.1199611385501256	0.02707070707070707	0.24242424242424246	0.4577777777777778	0.9657398910866968	0.0	0.0	0.0	113
1.344073735825258	1.3184101303266593	0.8121043542689926	0.7983293167767227	0.7913131313131314	0.7935158848441515	21.0	0.0	9.0	0.0	2.0	-0.54838180188396	0.21939393939393942	0.7878787878787878	1.3563636363636364	1.7383318039560542	0.0	0.0	0.0	124
1.2100396725572446	1.1934377579838085	0.6798176016435887	0.6710228298638071	0.6755555555555557	0.3901738234484908	16.0	0.0	7.0	0.0	2.0	-0.6625378149911987	0.5048484848484849	0.7373737373737375	0.96989898989899	1.3520358475213754	0.0	0.0	0.0	100
1.344073735825258	1.3184101303266593	0.5691020236573742	0.5594488286318857	0.6204040404040404	0.607685405770841	17.0	0.0	9.0	0.0	3.0	-1.1310624583011133	0.0797979797979798	0.5151515151515151	0.9505050505050505	1.7383318039560542	0.0	0.0	0.0	123
1.280192013892186	1.2591029260400894	0.5911507708069972	0.5822717367572443	0.6824242424242425	0.31877665395184884	13.0	0.0	8.0	0.0	2.0	-0.9872103109191157	0.4977777777777778	0.707070707070707	0.9163636363636366	1.545183825738715	0.0	0.0	0.0	120
0.8277465128678779	0.8267906928265433	0.26695396826097273	0.2661958711622132	0.20606060606060614	0.32840719442439437	5.0	0.0	3.0	0.0	1.0	-1.074934938610887	0.010101010101010102	0.12121212121212122	0.23232323232323232	0.579443934652018	0.0	0.0	0.0	129
1.0448862968084678	1.0367645284728637	0.6601226944992307	0.6546549856555552	0.5832323232323233	0.6033817130572569	9.0	0.0	5.0	0.0	2.0	-0.4331286866299399	0.20040404040404042	0.48484848484848486	0.7692929292929294	0.9657398910866968	0.0	0.0	0.0	128
1.1322512091154782	1.119995944426637	0.5468375733887797	0.5409878336715731	0.5646464646464646	0.5353225875303201	10.0	0.0	6.0	0.0	2.0	-0.8697684029120678	0.1381818181818182	0.4242424242424242	0.7103030303030304	1.158887869304036	0.0	0.0	0.0	108
0.9450083143897742	0.9407041938880998	0.2663878859225044	0.26487693373425697	0.257979797979798	0.3230683833496968	5.0	0.0	4.0	0.0	0.0	-1.2829550588269156	0.0101010101010101	0.14141414141414144	0.2727272727272727	0.7725919128693575	0.0	0.0	0.0	109
1.1322512091154782	1.119995944426637	0.45663114774444175	0.45174638215578455	0.46787878787878806	0.5050783735455562	10.0	0.0	6.0	0.0	2.0	-1.0969545412975439	0.05333333333333333	0.3232323232323232	0.5931313131313132	1.158887869304036	0.0	0.0	0.0	84
1.280192013892186	1.2591029260400894	0.6686936959900137	0.6586499738318827	0.7200000000000001	0.5787827085747363	14.0	0.0	8.0	0.0	2.0	-0.7985002857930601	0.2765656565656566	0.6565656565656566	1.0365656565656567	1.545183825738715	0.0	0.0	0.0	124
1.1322512091154782	1.119995944426637	0.8120133591191179	0.8033269282136754	0.6583838383838384	0.7073365545686643	11.0	0.0	6.0	0.0	3.0	-0.20191949610648763	0.2987878787878788	0.6767676767676767	1.0547474747474748	1.158887869304036	0.0	0.0	0.0	87
0.8277465128678779	0.8267906928265433	0.5919414078830265	0.5902604099683858	0.46464646464646475	0.5672487903694086	5.0	0.0	3.0	0.0	1.0	-0.19909549486754247	0.13131313131313133	0.3232323232323232	0.5151515151515151	0.579443934652018	0.0	0.0	0.0	119
1.344073735825258	1.3184101303266593	0.4816502142834566	0.4734803901407372	0.5478787878787879	0.5307025214202886	17.0	0.0	9.0	0.0	3.0	-1.3407578861705023	0.04404040404040404	0.42424242424242425	0.8044444444444443	1.7383318039560542	0.0	0.0	0.0	94
