1.2100396725572446	1.1934377579838085	0.3276604728605007	0.3234215430753696	0.3260606060606063	0.37763131131330885	9.0	0.0	7.0	0.0	1.0	-1.533626413577263	0.017373737373737375	0.24242424242424243	0.46747474747474743	1.3520358475213754	0.0	0.0	0.0	109
1.2100396725572446	1.1934377579838085	0.37920256971496147	0.37429684198610186	0.4026262626262626	0.43322514888546565	9.0	0.0	7.0	0.0	1.0	-1.4061329476000506	0.024646464646464653	0.2828282828282828	0.5410101010101009	1.3520358475213754	0.16666666666666666	1.0	0.2857142857142857	127
1.280192013892186	1.2591029260400894	0.452876747917618	0.4460745778728889	0.49050505050505055	0.500011643505554	14.0	0.0	8.0	0.0	3.0	-1.323716759085074	0.045454545454545456	0.37373737373737365	0.7020202020202022	1.545183825738715	0.0	0.0	0.0	118
0.48926949305991313	0.4923299360854566	0.2358953364515168	0.23674733244087134	0.11393939393939395	0.29876782764336207	2.0	0.0	1.0	0.0	4294967295.0	-0.470205441958191	0.007272727272727273	0.06060606060606061	0.11393939393939394	0.19314797821733937		0.0		116
1.0448862968084678	1.0367645284728637	0.31601987186767266	0.3134023211265959	0.3076767676767679	0.37411380362143826	7.0	0.0	5.0	0.0	1.0	-1.317280708070646	0.015555555555555557	0.1919191919191919	0.36828282828282827	0.9657398910866968	0.0	0.0	0.0	122
0.683750117678692	0.6854202331140761	0.5121794750318693	0.5123040106979495	0.346060606060606	0.5473872471146	3.0	0.0	2.0	0.0	0.0	-0.11671193986466384	0.06727272727272728	0.21212121212121213	0.35696969696969694	0.38629595643467873	0.0	0.0	0.0	114
1.280192013892186	1.2591029260400894	0.7519708879092534	0.7406763494464946	0.7177777777777778	0.6061679616651946	10.0	0.0	8.0	0.0	2.0	-0.5958352335988589	0.3696969696969698	0.7676767676767676	1.1656565656565658	1.545183825738715	0.2857142857142857	2.0	0.375	130
1.280192013892186	1.2591029260400894	0.38432619557095116	0.37855364896320837	0.47636363636363654	0.4304715626241659	12.0	0.0	8.0	0.0	1.0	-1.4905427644906295	0.030505050505050514	0.31313131313131315	0.5957575757575758	1.545183825738715	0.0	0.0	0.0	102
1.4026911725731355	1.3724055377271644	0.4314960536542314	0.4233936474308999	0.5602020202020203	0.4734664520769861	15.0	0.0	10.0	0.0	1.0	-1.5353547742421625	0.03676767676767677	0.404040404040404	0.7713131313131314	1.9314797821733936	0.0	0.0	0.0	126
1.2100396725572446	1.1934377579838085	0.35399791795646146	0.34941826174953505	0.40444444444444455	0.40678417735724487	10.0	0.0	7.0	0.0	1.0	-1.4684786534900058	0.020202020202020207	0.26262626262626265	0.5050505050505051	1.3520358475213754	0.0	0.0	0.0	133
1.2100396725572446	1.1934377579838085	0.5955660971699507	0.5878612835674176	0.5844444444444444	0.6461088683690904	10.0	0.0	7.0	0.0	3.0	-0.8709405959154886	0.07959595959595961	0.46464646464646464	0.8496969696969696	1.3520358475213754	0.16666666666666666	1.0	0.2857142857142857	103
0.9450083143897742	0.9407041938880998	0.6223610312589475	0.6188309992576642	0.5026262626262628	0.6729762939315227	7.0	0.0	4.0	0.0	2.0	-0.34757014436595074	0.0901010101010101	0.36363636363636365	0.6371717171717173	0.7725919128693575	0.0	0.0	0.0	123
1.280192013892186	1.2591029260400894	0.4116942868120158	0.40551067381308076	0.4492929292929293	0.46431850464608027	13.0	0.0	8.0	0.0	3.0	-1.4239392262108452	0.028484848484848484	0.3333333333333333	0.6381818181818182	1.545183825738715	0.0	0.0	0.0	128
1.1322512091154782	1.119995944426637	0.7442030115657879	0.7362419750052551	0.6775757575757576	0.7315319257564753	10.0	0.0	6.0	0.0	2.0	-0.3727008001341903	0.18484848484848485	0.5757575757575757	0.9666666666666667	1.158887869304036	0.0	0.0	0.0	120
1.0448862968084678	1.0367645284728637	0.2844698901452829	0.28211366372394064	0.2761616161616163	0.33897367544622864	8.0	0.0	5.0	0.0	1.0	-1.3983465357291893	0.011919191919191918	0.17171717171717174	0.3315151515151515	0.9657398910866968	0.0	0.0	0.0	108
0.9450083143897742	0.9407041938880998	0.6795850956423003	0.6757304887265044	0.5842424242424243	-0.2763477248345098	5.0	0.0	4.0	0.0	0.0	-0.19720338982399982	0.9204040404040403	0.8080808080808081	0.6957575757575758	0.7725919128693575	0.0	0.0	0.0	120
1.0448862968084678	1.0367645284728637	0.8222063918093097	0.8153961651691961	0.6838383838383839	0.6826612705257177	9.0	0.0	5.0	0.0	3.0	-0.0166641324500608	0.3145454545454546	0.6363636363636362	0.9581818181818182	0.9657398910866968	0.0	0.0	0.0	128
0.9450083143897742	0.9407041938880998	1.0026050728683298	0.9969182965213035	0.7064646464646466	0.562138987028473	9.0	0.0	4.0	0.0	3.0	0.6515910142628069	0.5694949494949495	0.7979797979797979	1.0264646464646465	0.7725919128693575	0.0	0.0	0.0	117
1.280192013892186	1.2591029260400894	0.4681246844662111	0.4610934917178177	0.4494949494949496	0.5206275081916287	13.0	0.0	8.0	0.0	2.0	-1.2866090734720517	0.04202020202020202	0.3838383838383838	0.7256565656565657	1.545183825738715	0.0	0.0	0.0	104
0.9450083143897742	0.9407041938880998	0.963929498319581	0.9584620898458114	0.716969696969697	0.11680164628796755	8.0	0.0	4.0	0.0	1.0	0.5499638284344537	0.8919191919191919	0.9393939393939393	0.9868686868686869	0.7725919128693575	0.0	0.0	0.0	114
1.1322512091154782	1.119995944426637	0.31401167823434184	0.3106525700178913	0.35636363636363627	0.36633304189045185	8.0	0.0	6.0	0.0	1.0	-1.4561436600897537	0.01636363636363636	0.21212121212121213	0.40787878787878784	1.158887869304036	0.0	0.0	0.0	115
1.280192013892186	1.2591029260400894	0.688112008346769	0.6777766247967921	0.6418181818181818	0.7323247455650569	17.0	0.0	8.0	0.0	2.0	-0.7512434895850229	0.10505050505050502	0.5858585858585859	1.0666666666666667	1.545183825738715	0.0	0.0	0.0	129
1.4026911725731355	1.3724055377271644	1.002454163413576	0.9836306057391522	0.8363636363636365	0.7213982795672454	25.0	0.0	10.0	0.0	4.0	-0.18469330969301467	0.6727272727272728	1.2323232323232323	1.7919191919191924	1.9314797821733936	0.0	0.0	0.0	119
1.1322512091154782	1.119995944426637	0.31494484815480056	0.311575757447365	0.3082828282828282	0.3686013579393091	6.0	0.0	6.0	0.0	0.0	-1.4537934586581798	0.01515151515151515	0.21212121212121215	0.40909090909090906	1.158887869304036	0.2	1.0	0.3333333333333333	120
1.4026911725731355	1.3724055377271644	0.830669458972918	0.8150715842370652	0.6244444444444446	0.794319405299674	23.0	0.0	10.0	0.0	4.0	-0.591068097126646	0.25252525252525254	0.8686868686868687	1.484848484848485	1.9314797821733936	0.0	0.0	0.0	111
1.1322512091154782	1.119995944426637	0.5816759170859033	0.5754534977052568	0.5515151515151515	0.6200063866876586	11.0	0.0	6.0	0.0	1.0	-0.7820275494666429	0.09292929292929292	0.4242424242424242	0.7555555555555555	1.158887869304036	0.0	0.0	0.0	108
0.9450083143897742	0.9407041938880998	0.3370300067819537	0.33511837245785986	0.29131313131313163	0.40159885191777694	7.0	0.0	4.0	0.0	1.0	-1.0973298928751278	0.018585858585858588	0.18181818181818182	0.345050505050505	0.7725919128693575	0.0	0.0	0.0	97
1.0448862968084678	1.0367645284728637	0.43320551826512016	0.42961733433645816	0.36626262626262623	0.4923903326014119	6.0	0.0	5.0	0.0	1.0	-1.0161790624817708	0.040606060606060604	0.27272727272727276	0.5048484848484849	0.9657398910866968	0.25	1.0	0.4	119
1.0448862968084678	1.0367645284728637	0.6164381044220757	0.6113322292518788	0.44686868686868714	0.6668053590320253	13.0	0.0	5.0	0.0	2.0	-0.5453736787725383	0.0896969696969697	0.40404040404040403	0.7183838383838385	0.9657398910866968	0.0	0.0	0.0	128
1.2100396725572446	1.1934377579838085	0.7155005917735999	0.7062441906481602	0.6993939393939393	0.6450919079256973	13.0	0.0	7.0	0.0	2.0	-0.5742731077762057	0.25191919191919193	0.6363636363636365	1.0208080808080808	1.3520358475213754	0.0	0.0	0.0	110
0.9450083143897742	0.9407041938880998	0.248036720447843	0.24662985607700813	0.22444444444444453	0.30169616722040915	6.0	0.0	4.0	0.0	1.0	-1.331176121490369	0.008686868686868686	0.13131313131313133	0.2539393939393939	0.7725919128693575	0.0	0.0	0.0	132
1.2100396725572446	1.1934377579838085	0.34026279873975074	0.33586083319365306	0.41777777777777775	0.39085179707741935	9.0	0.0	7.0	0.0	1.0	-1.502453560632285	0.019595959595959594	0.25252525252525254	0.4854545454545454	1.3520358475213754	0.0	0.0	0.0	109
1.280192013892186	1.2591029260400894	0.6462779260211416	0.6365708868119873	0.6480808080808081	0.648938188401977	17.0	0.0	8.0	0.0	2.0	-0.8530517552412644	0.1496969696969697	0.5757575757575758	1.001818181818182	1.545183825738715	0.0	0.0	0.0	108
1.280192013892186	1.2591029260400894	0.42251119906443657	0.4161651169680303	0.46383838383838416	0.4744725872526546	13.0	0.0	8.0	0.0	3.0	-1.3976149706050256	0.031919191919191924	0.34343434343434337	0.654949494949495	1.545183825738715	0.0	0.0	0.0	119
1.344073735825258	1.3184101303266593	0.5521680633360071	0.5428021047193535	0.5680808080808081	0.5964058622762546	14.0	0.0	9.0	0.0	3.0	-1.1716673820932495	0.06767676767676768	0.4949494949494949	0.9222222222222223	1.7383318039560542	0.125	1.0	0.2222222222222222	86
0.9450083143897742	0.9407041938880998	0.36544471461368755	0.36337191205618063	0.3349494949494949	0.42346809632914106	6.0	0.0	4.0	0.0	1.0	-1.022665021654297	0.029898989898989904	0.20202020202020202	0.3741414141414141	0.7725919128693575	0.0	0.0	0.0	137
1.2100396725572446	1.1934377579838085	0.34111239374284624	0.33669943702185195	0.4327272727272725	0.39288571796420546	8.0	0.0	7.0	0.0	0.0	-1.5003520199843092	0.018383838383838384	0.2525252525252526	0.48666666666666664	1.3520358475213754	0.0	0.0	0.0	117
1.2100396725572446	1.1934377579838085	0.5981148821792373	0.5903770950520143	0.6050505050505051	0.5844132681365749	14.0	0.0	7.0	0.0	2.0	-0.8646359739715604	0.15676767676767678	0.5050505050505051	0.8533333333333333	1.3520358475213754	0.0	0.0	0.0	109
0.8277465128678779	0.8267906928265433	0.22424133333921706	0.22360453177625908	0.15333333333333338	0.27825045927594133	5.0	0.0	3.0	0.0	1.0	-1.1900452655028697	0.006868686868686868	0.10101010101010102	0.19515151515151513	0.579443934652018	0.0	0.0	0.0	127
1.4026911725731355	1.3724055377271644	0.5249604948202997	0.5151030624192063	0.5838383838383837	0.5456062800337104	13.0	0.0	10.0	0.0	1.0	-1.3142548076582068	0.09191919191919194	0.5151515151515151	0.9383838383838383	1.9314797821733936	0.1111111111111111	1.0	0.2	110
0.683750117678692	0.6854202331140761	0.6278329048777753	0.6279855615007124	0.4131313131313133	0.584795859539447	4.0	0.0	2.0	0.0	1.0	0.2040821153545375	0.1280808080808081	0.2828282828282829	0.43757575757575756	0.38629595643467873	0.0	0.0	0.0	122
1.280192013892186	1.2591029260400894	0.4987508818074026	0.49125968619267507	0.5666666666666667	0.5467819633903811	13.0	0.0	8.0	0.0	2.0	-1.2120765425399116	0.055151515151515146	0.41414141414141414	0.7731313131313133	1.545183825738715	0.0	0.0	0.0	103
1.1322512091154782	1.119995944426637	0.8428079664942539	0.8337921133863067	0.5674747474747475	0.7443857167000001	8.0	0.0	6.0	0.0	1.0	-0.12436284886454918	0.29919191919191923	0.6969696969696969	1.0947474747474748	1.158887869304036	0.0	0.0	0.0	119
1.0448862968084678	1.0367645284728637	0.4668357185626124	0.46296898013928833	0.37292929292929283	0.5326729185583593	9.0	0.0	5.0	0.0	2.0	-0.9297682351973896	0.04181818181818182	0.29292929292929293	0.544040404040404	0.9657398910866968	0.0	0.0	0.0	115
0.8277465128678779	0.8267906928265433	0.5037305314141833	0.5023000351495676	0.4034343434343434	0.5791908701666592	4.0	0.0	3.0	0.0	0.0	-0.4368233438835932	0.046464646464646465	0.2424242424242424	0.4383838383838384	0.579443934652018	0.0	0.0	0.0	127
1.0448862968084678	1.0367645284728637	0.6292661189685419	0.6240539910529584	0.5204040404040403	0.6556633671715931	11.0	0.0	5.0	0.0	3.0	-0.5124128477465372	0.11515151515151514	0.4242424242424242	0.7333333333333334	0.9657398910866968	0.0	0.0	0.0	115
0.8277465128678779	0.8267906928265433	0.4872490255476363	0.4858653335386831	0.35212121212121206	0.566651686379546	5.0	0.0	3.0	0.0	1.0	-0.48124091567343413	0.040606060606060604	0.23232323232323232	0.42404040404040405	0.579443934652018	0.0	0.0	0.0	119
1.344073735825258	1.3184101303266593	0.47971490453244336	0.4715779074078765	0.4765656565656568	0.5261907040224545	12.0	0.0	9.0	0.0	2.0	-1.3453984488896034	0.047272727272727265	0.4242424242424242	0.8012121212121213	1.7383318039560542	0.125	1.0	0.2222222222222222	106
1.0448862968084678	1.0367645284728637	0.3794665384083025	0.3763234673319355	0.29252525252525285	0.44525113626881374	8.0	0.0	5.0	0.0	2.0	-1.1542582194825861	0.022424242424242426	0.23232323232323232	0.44222222222222224	0.9657398910866968	0.0	0.0	0.0	114
1.0448862968084678	1.0367645284728637	0.4550478133036976	0.4512787125382963	0.4600000000000001	0.5035323244618441	7.0	0.0	5.0	0.0	1.0	-0.9600565664104717	0.05555555555555555	0.29292929292929293	0.5303030303030303	0.9657398910866968	0.0	0.0	0.0	120
1.0448862968084678	1.0367645284728637	0.6263191426538133	0.6211314241527105	0.5820202020202021	0.45553605183229	8.0	0.0	5.0	0.0	1.0	-0.5199849305498075	0.3004040404040404	0.5151515151515151	0.72989898989899	0.9657398910866968	0.0	0.0	0.0	123
0.8277465128678779	0.8267906928265433	0.6736525355594286	0.6717394940110807	0.4450505050505053	0.7177189958147675	7.0	0.0	3.0	0.0	2.0	0.021115565273641387	0.10060606060606062	0.34343434343434337	0.5862626262626263	0.579443934652018	0.0	0.0	0.0	116
0.683750117678692	0.6854202331140761	0.30116269075161983	0.30123591800518934	0.18767676767676766	0.3733226831785766	4.0	0.0	2.0	0.0	1.0	-0.70202039149268	0.012323232323232323	0.1111111111111111	0.2098989898989899	0.38629595643467873	0.0	0.0	0.0	119
1.5070406700472805	1.4674825756639511	0.5640720754155881	0.5516206842946043	0.6505050505050507	0.5833990627813402	19.0	0.0	12.0	0.0	4.0	-1.3526719603440032	0.09515151515151514	0.616161616161616	1.1371717171717173	2.317775738608072	0.09090909090909091	1.0	0.16666666666666666	133
1.1322512091154782	1.119995944426637	0.9123291255684248	0.9025695768820954	0.7715151515151516	0.36519888386602356	11.0	0.0	6.0	0.0	2.0	0.05072715778770566	0.7947474747474748	0.9898989898989898	1.1850505050505051	1.158887869304036	0.2	1.0	0.3333333333333333	100
1.0448862968084678	1.0367645284728637	0.7949901987850503	0.7884054002669055	0.567878787878788	0.7225153183341866	9.0	0.0	5.0	0.0	2.0	-0.08659454422144178	0.24525252525252525	0.5858585858585859	0.9264646464646464	0.9657398910866968	0.0	0.0	0.0	122
1.1322512091154782	1.119995944426637	0.35367139985383533	0.34988803577052247	0.37111111111111106	0.40602857274545445	8.0	0.0	6.0	0.0	1.0	-1.356260099247863	0.025454545454545455	0.24242424242424243	0.4593939393939394	1.158887869304036	0.0	0.0	0.0	103
1.0448862968084678	1.0367645284728637	0.6167848075179261	0.6116760606519079	0.5777777777777777	0.6676624353289813	8.0	0.0	5.0	0.0	1.0	-0.5444828455015656	0.08929292929292929	0.4040404040404041	0.7187878787878788	0.9657398910866968	0.0	0.0	0.0	95
0.9450083143897742	0.9407041938880998	0.383795880088349	0.38161898971342945	0.3640404040404039	0.44484031245842875	5.0	0.0	4.0	0.0	0.0	-0.9744439589908437	0.031313131313131314	0.21212121212121213	0.3929292929292929	0.7725919128693575	0.0	0.0	0.0	114
1.344073735825258	1.3184101303266593	0.47681193990592324	0.4687241833085852	0.5313131313131313	0.5194229779257025	16.0	0.0	9.0	0.0	3.0	-1.3523592929682553	0.05212121212121212	0.42424242424242425	0.7963636363636364	1.7383318039560542	0.0	0.0	0.0	133
1.1322512091154782	1.119995944426637	0.39488640467409314	0.39066214723894305	0.40282828282828304	0.4495046303485524	11.0	0.0	6.0	0.0	2.0	-1.2524595360200164	0.032525252525252527	0.2727272727272727	0.5129292929292929	1.158887869304036	0.0	0.0	0.0	101
1.2100396725572446	1.1934377579838085	0.5610159003774001	0.5537580612206632	0.5660606060606062	0.5972947670862213	11.0	0.0	7.0	0.0	2.0	-0.9564032489331802	0.08848484848484849	0.4444444444444444	0.8004040404040405	1.3520358475213754	0.0	0.0	0.0	123
0.9450083143897742	0.9407041938880998	0.598682108065836	0.5952863829257302	0.4856565656565658	0.6133329000823478	7.0	0.0	4.0	0.0	2.0	-0.4097908703833099	0.11434343434343434	0.36363636363636365	0.612929292929293	0.7725919128693575	0.0	0.0	0.0	101
1.344073735825258	1.3184101303266593	0.822990471618443	0.809030782149065	0.7983838383838385	0.6497017052881754	21.0	0.0	9.0	0.0	3.0	-0.5222786365890152	0.4436363636363637	0.9090909090909091	1.3745454545454547	1.7383318039560542	0.0	0.0	0.0	130
1.0448862968084678	1.0367645284728637	0.3156731687718222	0.3130584897265667	0.323838383838384	0.3732567273244819	7.0	0.0	5.0	0.0	1.0	-1.3181715413416188	0.01595959595959596	0.19191919191919193	0.36787878787878786	0.9657398910866968	0.0	0.0	0.0	131
1.1322512091154782	1.119995944426637	0.3905316117119527	0.38635393923473266	0.4280808080808082	0.4389191554538852	9.0	0.0	6.0	0.0	1.0	-1.2634271427006944	0.03818181818181818	0.2727272727272727	0.5072727272727273	1.158887869304036	0.0	0.0	0.0	118
1.5070406700472805	1.4674825756639511	0.8267178223802812	0.8084687591811133	0.7892929292929295	0.5089755297627053	19.0	0.0	12.0	0.0	4.0	-0.7460054080361477	0.7575757575757577	1.212121212121212	1.6666666666666672	2.317775738608072	0.09090909090909091	1.0	0.16666666666666666	107
1.2100396725572446	1.1934377579838085	0.4007256431267144	0.39554147230047365	0.47373737373737396	0.45085246323761313	10.0	0.0	7.0	0.0	1.0	-1.3528939178513242	0.03434343434343435	0.303030303030303	0.5717171717171717	1.3520358475213754	0.0	0.0	0.0	132
1.344073735825258	1.3184101303266593	0.9201188297474274	0.9045116343045175	0.8438383838383838	0.24166421937151322	22.0	0.0	9.0	0.0	4.0	-0.28938039512412017	1.1905050505050503	1.3636363636363638	1.536767676767677	1.7383318039560542	0.0	0.0	0.0	122
0.9450083143897742	0.9407041938880998	0.28434440267728067	0.2827316011193069	0.25818181818181835	0.34344654291483157	6.0	0.0	4.0	0.0	1.0	-1.2357710082637516	0.01191919191919192	0.15151515151515152	0.2911111111111111	0.7725919128693575	0.0	0.0	0.0	122
1.344073735825258	1.3184101303266593	0.6744554482281655	0.6630152324019968	0.6541414141414141	0.6700048835784309	15.0	0.0	9.0	0.0	3.0	-0.8784418252800378	0.16646464646464645	0.6464646464646464	1.1264646464646466	1.7383318039560542	0.0	0.0	0.0	135
1.280192013892186	1.2591029260400894	0.3961857017754125	0.3902350263981531	0.445858585858586	0.44308724101415226	11.0	0.0	8.0	0.0	2.0	-1.4616812312360563	0.03232323232323232	0.3232323232323232	0.6141414141414142	1.545183825738715	0.14285714285714285	1.0	0.25	132
1.5070406700472805	1.4674825756639511	0.6538586413371313	0.639425291352335	0.7367676767676768	0.6729787560195764	24.0	0.0	12.0	0.0	6.0	-1.14528041861648	0.11616161616161616	0.717171717171717	1.3181818181818183	2.317775738608072	0.0	0.0	0.0	117
1.344073735825258	1.3184101303266593	0.7977104879958307	0.7841796014510705	0.730909090909091	0.6048655198971946	18.0	0.0	9.0	0.0	5.0	-0.5828959871072755	0.46565656565656577	0.898989898989899	1.3323232323232326	1.7383318039560542	0.0	0.0	0.0	112
1.2100396725572446	1.1934377579838085	0.614257187238052	0.6063105677877932	0.5448484848484849	0.5891590835390765	11.0	0.0	7.0	0.0	3.0	-0.8247067016600156	0.17414141414141415	0.5252525252525252	0.8763636363636365	1.3520358475213754	0.0	0.0	0.0	103
1.280192013892186	1.2591029260400894	0.4109123413479854	0.4047404731030844	0.4634343434343435	0.4624723078085213	12.0	0.0	8.0	0.0	2.0	-1.4258421844474105	0.029696969696969697	0.3333333333333333	0.636969696969697	1.545183825738715	0.0	0.0	0.0	101
1.1322512091154782	1.119995944426637	0.6322226211107479	0.6254594834684142	0.6325252525252524	0.49713926737455577	12.0	0.0	6.0	0.0	2.0	-0.654724971923057	0.28989898989899	0.5555555555555555	0.8212121212121213	1.158887869304036	0.0	0.0	0.0	116
1.344073735825258	1.3184101303266593	0.5219288484764228	0.5130758120184031	0.5505050505050505	0.5541075741715554	9.0	0.0	9.0	0.0	1.0	-1.244176174579207	0.07777777777777777	0.4747474747474748	0.8717171717171717	1.7383318039560542	0.125	1.0	0.2222222222222222	112
1.1322512091154782	1.119995944426637	0.5239749103375423	0.518369741649468	0.4967676767676769	0.5742620130357035	11.0	0.0	6.0	0.0	3.0	-0.9273483379856282	0.06686868686868688	0.3737373737373737	0.6806060606060607	1.158887869304036	0.0	0.0	0.0	133
1.0448862968084678	1.0367645284728637	0.5600988513463798	0.5554596267471374	0.41353535353535364	0.5918111830483466	8.0	0.0	5.0	0.0	1.0	-0.6901340853056513	0.09474747474747473	0.3737373737373737	0.6527272727272728	0.9657398910866968	0.0	0.0	0.0	120
1.1322512091154782	1.119995944426637	0.39302006483317575	0.3888157723799957	0.4157575757575759	0.4449679982508378	9.0	0.0	6.0	0.0	2.0	-1.2571599388831642	0.034949494949494946	0.2727272727272727	0.5105050505050505	1.158887869304036	0.0	0.0	0.0	117
1.344073735825258	1.3184101303266593	0.571884031424456	0.5621836475603732	0.5632323232323233	-0.3304906243913801	16.0	0.0	9.0	0.0	3.0	-1.124391649392405	1.4286868686868683	1.1919191919191916	0.9551515151515153	1.7383318039560542	0.0	0.0	0.0	117
1.0448862968084678	1.0367645284728637	0.33144815963301705	0.32870281842789434	0.32525252525252535	0.3908267914120867	8.0	0.0	5.0	0.0	1.0	-1.2776386275123472	0.01777777777777778	0.20202020202020202	0.38626262626262625	0.9657398910866968	0.0	0.0	0.0	123
1.2100396725572446	1.1934377579838085	0.6817999899841447	0.6729795721296045	0.5535353535353535	0.7000077718689254	11.0	0.0	7.0	0.0	2.0	-0.6576342201459217	0.1383838383838384	0.5555555555555556	0.9727272727272727	1.3520358475213754	0.0	0.0	0.0	95
1.1322512091154782	1.119995944426637	0.7933499607099446	0.7848631796242019	0.671919191919192	-0.0941351160275774	14.0	0.0	6.0	0.0	3.0	-0.24892352473796528	1.131111111111111	1.0808080808080809	1.0305050505050506	1.158887869304036	0.0	0.0	0.0	108
1.2100396725572446	1.1934377579838085	0.4592060991731219	0.4532653691414969	0.5022222222222223	0.5061073139953055	12.0	0.0	7.0	0.0	2.0	-1.2082378699156409	0.051919191919191914	0.3535353535353536	0.6551515151515153	1.3520358475213754	0.0	0.0	0.0	109
1.280192013892186	1.2591029260400894	0.6011857375953875	0.5921559792021974	0.6363636363636366	0.6347840126473582	16.0	0.0	8.0	0.0	3.0	-0.9627890135498616	0.09838383838383838	0.5151515151515152	0.931919191919192	1.545183825738715	0.0	0.0	0.0	105
1.344073735825258	1.3184101303266593	0.46967548519906155	0.4617087782311611	0.49212121212121235	0.5168850806394211	13.0	0.0	9.0	0.0	1.0	-1.3694713679949408	0.04383838383838383	0.41414141414141403	0.7844444444444447	1.7383318039560542	0.0	0.0	0.0	143
1.0448862968084678	1.0367645284728637	0.4089363015555896	0.40554913633441564	0.41454545454545444	0.4752488066622853	7.0	0.0	5.0	0.0	1.0	-1.078537391449881	0.028484848484848484	0.25252525252525254	0.4765656565656566	0.9657398910866968	0.0	0.0	0.0	125
1.4026911725731355	1.3724055377271644	0.5559269481207868	0.5454880439268195	0.5187878787878789	0.5909215510245771	16.0	0.0	10.0	0.0	2.0	-1.241000405186618	0.07696969696969697	0.5353535353535354	0.9937373737373738	1.9314797821733936	0.0	0.0	0.0	90
0.9450083143897742	0.9407041938880998	0.8273810412393046	0.8226881356649922	0.5422222222222222	0.7669146392439729	6.0	0.0	4.0	0.0	1.0	0.19115764173434965	0.22363636363636363	0.5353535353535354	0.8470707070707071	0.7725919128693575	0.0	0.0	0.0	103
1.280192013892186	1.2591029260400894	0.33949465563320713	0.33439547492341737	0.3905050505050507	0.38616283852275074	13.0	0.0	8.0	0.0	2.0	-1.5996457033870384	0.019191919191919194	0.2727272727272727	0.5262626262626263	1.545183825738715	0.0	0.0	0.0	108
1.280192013892186	1.2591029260400894	0.7203020966160214	0.7094832206916423	0.7141414141414143	0.6083218579756801	16.0	0.0	8.0	0.0	2.0	-0.6729050421797522	0.3177777777777778	0.7171717171717171	1.1165656565656568	1.545183825738715	0.0	0.0	0.0	103
0.9450083143897742	0.9407041938880998	0.3023009194320569	0.30058626850435677	0.27434343434343467	0.36382470247996634	6.0	0.0	4.0	0.0	1.0	-1.1885869577005876	0.013737373737373739	0.1616161616161616	0.3094949494949495	0.7725919128693575	0.0	0.0	0.0	109
1.280192013892186	1.2591029260400894	0.6148697832159199	0.6056344916271337	0.642020202020202	0.6209375363656662	12.0	0.0	8.0	0.0	2.0	-0.9294872444099693	0.13777777777777778	0.5454545454545454	0.9531313131313133	1.545183825738715	0.14285714285714285	1.0	0.25	134
1.344073735825258	1.3184101303266593	0.5283395620266548	0.5193777860710047	0.5882828282828281	0.5549535399336497	13.0	0.0	9.0	0.0	2.0	-1.2288043105721838	0.08727272727272728	0.48484848484848486	0.8824242424242426	1.7383318039560542	0.125	1.0	0.2222222222222222	113
1.280192013892186	1.2591029260400894	0.5830706676786828	0.5743129960872819	0.528080808080808	0.6073987595569001	12.0	0.0	8.0	0.0	3.0	-1.0068742126969572	0.10626262626262625	0.5050505050505051	0.9038383838383839	1.545183825738715	0.14285714285714285	1.0	0.25	114
1.0448862968084678	1.0367645284728637	0.42367118312923313	0.4201619708356557	0.3414141414141414	0.49024764185902103	9.0	0.0	5.0	0.0	3.0	-1.0406769774335283	0.03151515151515152	0.26262626262626265	0.49373737373737375	0.9657398910866968	0.0	0.0	0.0	135
1.344073735825258	1.3184101303266593	0.415607769030125	0.40855816688186175	0.5428282828282828	0.46133332892858303	10.0	0.0	9.0	0.0	0.0	-1.4991170889598329	0.033131313131313136	0.36363636363636354	0.6941414141414143	1.7383318039560542	0.0	0.0	0.0	98
1.2100396725572446	1.1934377579838085	0.5035266385012708	0.4970125355125386	0.565050505050505	0.5613621647529977	11.0	0.0	7.0	0.0	2.0	-1.098607499446225	0.04929292929292929	0.38383838383838387	0.7183838383838383	1.3520358475213754	0.0	0.0	0.0	126
0.8277465128678779	0.8267906928265433	0.43107262527010987	0.42984846325933035	0.3551515151515151	0.4818629198190658	4.0	0.0	3.0	0.0	0.0	-0.6326360195204981	0.04909090909090909	0.21212121212121213	0.3751515151515151	0.579443934652018	0.0	0.0	0.0	140
1.344073735825258	1.3184101303266593	0.41584968274900164	0.40879597722346933	0.4339393939393942	0.4618973061033123	13.0	0.0	9.0	0.0	3.0	-1.498537018619945	0.03272727272727273	0.36363636363636354	0.6945454545454547	1.7383318039560542	0.0	0.0	0.0	115
1.2100396725572446	1.1934377579838085	0.9672639110242354	0.9547504584044296	0.76989898989899	0.23085002065023663	15.0	0.0	7.0	0.0	4.0	0.0484834375740243	1.104848484848485	1.2424242424242424	1.3800000000000001	1.3520358475213754	0.0	0.0	0.0	96
1.0448862968084678	1.0367645284728637	0.9303777577146457	0.9226715619782996	0.630909090909091	0.7358000009370098	8.0	0.0	5.0	0.0	1.0	0.2612758480935161	0.3905050505050505	0.7373737373737373	1.0842424242424242	0.9657398910866968	0.0	0.0	0.0	137
0.8277465128678779	0.8267906928265433	0.7312217391496211	0.7291452123138885	0.567878787878788	0.029855199493126955	6.0	0.0	3.0	0.0	1.0	0.17626426673674847	0.6161616161616162	0.6262626262626263	0.6363636363636365	0.579443934652018	0.0	0.0	0.0	112
1.0448862968084678	1.0367645284728637	0.4812238970404056	0.4772379832404993	0.44202020202020204	0.546814677458139	8.0	0.0	5.0	0.0	1.0	-0.8927986544520097	0.04525252525252525	0.303030303030303	0.5608080808080809	0.9657398910866968	0.0	0.0	0.0	130
1.1322512091154782	1.119995944426637	0.5037562287276044	0.49836734734420507	0.4959595959595961	0.5629204327914167	10.0	0.0	6.0	0.0	2.0	-0.9782693690030626	0.05272727272727273	0.3535353535353536	0.6543434343434343	1.158887869304036	0.0	0.0	0.0	115
1.1322512091154782	1.119995944426637	0.28601658062058183	0.2829569471336811	0.31010101010101027	0.33608882790568795	9.0	0.0	6.0	0.0	1.0	-1.5266497030369703	0.012323232323232323	0.19191919191919193	0.37151515151515146	1.158887869304036	0.0	0.0	0.0	115
0.8277465128678779	0.8267906928265433	0.8872157101682069	0.8846961909408514	0.6220202020202019	0.6102402776395113	5.0	0.0	3.0	0.0	1.0	0.5966671997335539	0.35919191919191923	0.5656565656565656	0.7721212121212122	0.579443934652018	0.0	0.0	0.0	107
1.280192013892186	1.2591029260400894	0.7105277783156412	0.6998557118166878	0.6808080808080808	0.6929392130304659	13.0	0.0	8.0	0.0	3.0	-0.6966920201368181	0.19151515151515155	0.6464646464646465	1.1014141414141416	1.545183825738715	0.0	0.0	0.0	120
1.1322512091154782	1.119995944426637	0.5866528233283496	0.5803771639957831	0.5082828282828282	0.5942988048006093	6.0	0.0	6.0	0.0	1.0	-0.769493141831582	0.12686868686868685	0.4444444444444445	0.762020202020202	1.158887869304036	0.0	0.0	0.0	121
0.9450083143897742	0.9407041938880998	0.3210467336266035	0.3192257564338045	0.2913131313131314	0.3861909751734069	6.0	0.0	4.0	0.0	1.0	-1.139328882936845	0.014747474747474749	0.17171717171717174	0.3286868686868687	0.7725919128693575	0.0	0.0	0.0	104
1.1322512091154782	1.119995944426637	0.4816712072767492	0.4765185781799947	0.3725252525252523	0.5470422204494156	8.0	0.0	6.0	0.0	2.0	-1.0338908028836449	0.04101010101010101	0.33333333333333337	0.6256565656565656	1.158887869304036	0.2	1.0	0.3333333333333333	113
1.5538594577875808	1.509692160062358	0.5706097761724567	0.557157469331463	0.623030303030303	0.596759760634817	20.0	0.0	13.0	0.0	3.0	-1.3929116865613274	0.0787878787878788	0.6464646464646464	1.2141414141414142	2.5109237168254115	0.0	0.0	0.0	117
1.344073735825258	1.3184101303266593	0.7337243093529504	0.7212787660958595	0.7187878787878789	0.6671849977047842	17.0	0.0	9.0	0.0	4.0	-0.7363245920075614	0.26949494949494956	0.7474747474747474	1.2254545454545456	1.7383318039560542	0.0	0.0	0.0	106
1.1322512091154782	1.119995944426637	0.6959892323420901	0.6885439578157818	0.5967676767676768	0.6899461315274248	11.0	0.0	6.0	0.0	2.0	-0.4941278740988414	0.16666666666666669	0.5353535353535354	0.904040404040404	1.158887869304036	0.0	0.0	0.0	113
1.2100396725572446	1.1934377579838085	0.8541261764453503	0.8430763819492781	0.7460606060606062	0.3498343925272306	15.0	0.0	7.0	0.0	3.0	-0.23137172538145023	0.8016161616161618	1.0101010101010102	1.2185858585858587	1.3520358475213754	0.0	0.0	0.0	116
1.1322512091154782	1.119995944426637	0.37155715666262645	0.3675824615021012	0.37353535353535344	0.430601996608075	10.0	0.0	6.0	0.0	1.0	-1.3112145718093637	0.022424242424242423	0.25252525252525254	0.4826262626262626	1.158887869304036	0.0	0.0	0.0	121
0.48926949305991313	0.4923299360854566	0.8243789151523753	0.8273563692215558	0.3981818181818183	0.7027834127519996	2.0	0.0	1.0	0.0	4294967295.0	1.2171411497342757	0.14727272727272728	0.2727272727272727	0.3981818181818182	0.19314797821733937		0.0		116
0.9450083143897742	0.9407041938880998	0.3023009194320569	0.30058626850435677	0.24202020202020208	0.36382470247996634	6.0	0.0	4.0	0.0	1.0	-1.1885869577005876	0.013737373737373739	0.1616161616161616	0.3094949494949495	0.7725919128693575	0.0	0.0	0.0	115
1.0448862968084678	1.0367645284728637	0.3156731687718222	0.3130584897265667	0.32404040404040413	0.3732567273244819	7.0	0.0	5.0	0.0	1.0	-1.3181715413416188	0.015959595959595962	0.19191919191919193	0.36787878787878786	0.9657398910866968	0.0	0.0	0.0	149
1.4026911725731355	1.3724055377271644	0.5935613603436417	0.5824157769269479	0.6793939393939394	0.4823211602016387	16.0	0.0	10.0	0.0	2.0	-1.1519722445185918	0.3127272727272728	0.6868686868686867	1.0610101010101014	1.9314797821733936	0.0	0.0	0.0	120
0.8277465128678779	0.8267906928265433	0.24536551691465058	0.2446687267986603	0.18888888888888886	0.30273172286030536	5.0	0.0	3.0	0.0	1.0	-1.133115701659552	0.008686868686868687	0.1111111111111111	0.21353535353535352	0.579443934652018	0.0	0.0	0.0	114
0.8277465128678779	0.8267906928265433	0.20265288199289494	0.2020773874127062	0.17090909090909082	0.2525749877118524	4.0	0.0	3.0	0.0	0.0	-1.2482260285515345	0.005454545454545455	0.09090909090909091	0.17636363636363636	0.579443934652018	0.0	0.0	0.0	110
1.456812522224161	1.4218876372101144	0.49584497773511493	0.485691095385807	0.549090909090909	0.5252854112668205	19.0	0.0	11.0	0.0	4.0	-1.4504529921794798	0.06666666666666667	0.505050505050505	0.9434343434343437	2.124627760390733	0.0	0.0	0.0	122
1.1322512091154782	1.119995944426637	0.5199311740155547	0.5143692627884153	0.573131313131313	0.5644326434906548	7.0	0.0	6.0	0.0	0.0	-0.9375325441891154	0.07212121212121211	0.37373737373737376	0.6753535353535353	1.158887869304036	0.0	0.0	0.0	107
0.683750117678692	0.6854202331140761	0.24898821112188782	0.2490487522295069	0.16949494949494945	0.31224739758698944	3.0	0.0	2.0	0.0	0.0	-0.8467395141479588	0.008282828282828284	0.09090909090909091	0.17353535353535354	0.38629595643467873	0.0	0.0	0.0	113
0.9450083143897742	0.9407041938880998	0.248036720447843	0.24662985607700813	0.24121212121212113	0.30169616722040915	5.0	0.0	4.0	0.0	0.0	-1.331176121490369	0.008686868686868686	0.13131313131313133	0.2539393939393939	0.7725919128693575	0.0	0.0	0.0	117
0.683750117678692	0.6854202331140761	0.48667195165733373	0.4867902852076159	0.3121212121212122	0.5565485399533383	4.0	0.0	2.0	0.0	1.0	-0.1874635109405777	0.04464646464646464	0.1919191919191919	0.3391919191919192	0.38629595643467873	0.0	0.0	0.0	106
1.4026911725731355	1.3724055377271644	0.8204979962099843	0.8050911158586521	0.8212121212121214	0.5625343985073105	25.0	0.0	10.0	0.0	5.0	-0.6151297621720582	0.5939393939393941	1.0303030303030303	1.466666666666667	1.9314797821733936	0.0	0.0	0.0	121
1.280192013892186	1.2591029260400894	0.7414146241448427	0.7302786398615438	0.7111111111111111	0.38123964695592677	14.0	0.0	8.0	0.0	1.0	-0.6215251697924901	0.6486868686868688	0.8989898989898991	1.1492929292929295	1.545183825738715	0.14285714285714285	1.0	0.25	120
1.0448862968084678	1.0367645284728637	0.391774498310993	0.38852948203297133	0.3246464646464648	0.45425043738685517	8.0	0.0	5.0	0.0	2.0	-1.1226336383630446	0.028282828282828285	0.24242424242424243	0.45656565656565656	0.9657398910866968	0.0	0.0	0.0	107
1.280192013892186	1.2591029260400894	0.6512302472933342	0.6414488246419641	0.6854545454545454	0.6298608210805343	17.0	0.0	8.0	0.0	3.0	-0.8409996864096847	0.18242424242424243	0.5959595959595959	1.0094949494949494	1.545183825738715	0.0	0.0	0.0	122
0.9450083143897742	0.9407041938880998	0.2663878859225044	0.26487693373425697	0.257979797979798	0.3230683833496968	5.0	0.0	4.0	0.0	0.0	-1.2829550588269156	0.0101010101010101	0.14141414141414144	0.2727272727272727	0.7725919128693575	0.0	0.0	0.0	125
1.0448862968084678	1.0367645284728637	0.7942967925933495	0.7877177374668473	0.6408080808080808	0.635093536044641	10.0	0.0	5.0	0.0	3.0	-0.08837621076338754	0.3268686868686869	0.6262626262626263	0.9256565656565657	0.9657398910866968	0.0	0.0	0.0	123
1.344073735825258	1.3184101303266593	0.6489335508866765	0.6379262413623947	0.673939393939394	0.3426161336480614	13.0	0.0	9.0	0.0	2.0	-0.9396392461381857	0.592929292929293	0.8383838383838383	1.083838383838384	1.7383318039560542	0.125	1.0	0.2222222222222222	104
1.0448862968084678	1.0367645284728637	0.3156731687718222	0.3130584897265667	0.33939393939393914	0.3732567273244819	6.0	0.0	5.0	0.0	0.0	-1.3181715413416188	0.015959595959595962	0.19191919191919193	0.36787878787878786	0.9657398910866968	0.0	0.0	0.0	139
0.9450083143897742	0.9407041938880998	0.4345082405935961	0.432043709690988	0.37959595959595965	0.49802233864060963	7.0	0.0	4.0	0.0	1.0	-0.8411879041036663	0.039999999999999994	0.24242424242424243	0.4448484848484848	0.7725919128693575	0.0	0.0	0.0	138
1.2100396725572446	1.1934377579838085	0.34082919540848106	0.3364199024124523	0.38848484848484854	0.39220774433527683	10.0	0.0	7.0	0.0	2.0	-1.5010525335336344	0.018787878787878787	0.25252525252525254	0.48626262626262623	1.3520358475213754	0.0	0.0	0.0	128
0.8277465128678779	0.8267906928265433	0.3059524610156192	0.30508361581895393	0.2391919191919192	0.3690102657350467	5.0	0.0	3.0	0.0	1.0	-0.9698342053616857	0.016565656565656565	0.14141414141414144	0.26626262626262626	0.579443934652018	0.0	0.0	0.0	120
1.280192013892186	1.2591029260400894	0.7006231357712557	0.6900998361567338	0.6204040404040404	0.7310939476733509	16.0	0.0	8.0	0.0	3.0	-0.7207961577999786	0.12606060606060607	0.606060606060606	1.086060606060606	1.545183825738715	0.0	0.0	0.0	99
1.1322512091154782	1.119995944426637	0.5412385538660276	0.535448709094731	0.5361616161616162	0.5973232261990857	11.0	0.0	6.0	0.0	3.0	-0.8838696115015114	0.06464646464646465	0.3838383838383838	0.703030303030303	1.158887869304036	0.0	0.0	0.0	135
1.2100396725572446	1.1934377579838085	0.7235717443030072	0.7142109270160496	0.5527272727272726	0.7152621785198223	12.0	0.0	7.0	0.0	2.0	-0.5543084716204335	0.17979797979797982	0.606060606060606	1.0323232323232323	1.3520358475213754	0.0	0.0	0.0	106
0.8277465128678779	0.8267906928265433	0.20265288199289494	0.2020773874127062	0.17090909090909082	0.2525749877118524	4.0	0.0	3.0	0.0	0.0	-1.2482260285515345	0.005454545454545455	0.09090909090909091	0.17636363636363636	0.579443934652018	0.0	0.0	0.0	120
1.1322512091154782	1.119995944426637	0.9558770551898295	0.9456516569242003	0.6636363636363637	0.20641676044601365	10.0	0.0	6.0	0.0	2.0	0.16040322459448747	1.0210101010101007	1.1313131313131313	1.2416161616161618	1.158887869304036	0.0	0.0	0.0	141
0.8277465128678779	0.8267906928265433	0.22424133333921706	0.22360453177625908	0.18848484848484837	0.27825045927594133	4.0	0.0	3.0	0.0	0.0	-1.1900452655028697	0.006868686868686868	0.10101010101010102	0.19515151515151513	0.579443934652018	0.0	0.0	0.0	119
0.8277465128678779	0.8267906928265433	0.7674346252789356	0.7652552609237192	0.5779797979797979	0.42155541684294995	6.0	0.0	3.0	0.0	2.0	0.27385780475386395	0.38262626262626265	0.5252525252525253	0.667878787878788	0.579443934652018	0.0	0.0	0.0	124
1.1322512091154782	1.119995944426637	1.0607031429213531	1.0493563781684097	0.8149494949494951	0.7258611356343321	14.0	0.0	6.0	0.0	3.0	0.4244091854079544	0.602020202020202	0.9898989898989901	1.377777777777778	1.158887869304036	0.0	0.0	0.0	119
1.4026911725731355	1.3724055377271644	0.8711292775188098	0.8547716695645303	0.7301010101010103	0.8094244956299631	25.0	0.0	10.0	0.0	5.0	-0.4953561406126723	0.30141414141414147	0.9292929292929293	1.5571717171717174	1.9314797821733936	0.0	0.0	0.0	118
1.280192013892186	1.2591029260400894	0.7034902691393674	0.6929239054267206	0.6882828282828284	0.7070933887850845	18.0	0.0	8.0	0.0	5.0	-0.7138186442659056	0.162020202020202	0.6262626262626263	1.0905050505050506	1.545183825738715	0.0	0.0	0.0	113
0.8277465128678779	0.8267906928265433	0.3693250117419197	0.3682762008861576	0.3032323232323233	0.44245405648813857	4.0	0.0	3.0	0.0	0.0	-0.7990455138317335	0.02202020202020202	0.17171717171717174	0.32141414141414143	0.579443934652018	0.0	0.0	0.0	116
0.683750117678692	0.6854202331140761	0.5121794750318693	0.5123040106979495	0.346060606060606	0.5473872471146	3.0	0.0	2.0	0.0	0.0	-0.11671193986466384	0.06727272727272728	0.21212121212121213	0.35696969696969694	0.38629595643467873	0.0	0.0	0.0	127
1.280192013892186	1.2591029260400894	0.6379371744048171	0.6283554125720261	0.6470707070707071	0.6600153694273307	17.0	0.0	8.0	0.0	4.0	-0.8733499764312941	0.12222222222222222	0.5555555555555556	0.9888888888888889	1.545183825738715	0.0	0.0	0.0	100
0.8277465128678779	0.8267906928265433	0.4018237557041251	0.4006826547667749	0.2872727272727274	0.4663382160826401	5.0	0.0	3.0	0.0	1.0	-0.711461569457399	0.03414141414141414	0.19191919191919193	0.34969696969696973	0.579443934652018	0.0	0.0	0.0	120
1.0448862968084678	1.0367645284728637	0.6601226944992307	0.6546549856555552	0.6123232323232324	-0.25369458389907357	10.0	0.0	5.0	0.0	2.0	-0.4331286866299399	1.0084848484848485	0.8888888888888888	0.7692929292929294	0.9657398910866968	0.0	0.0	0.0	129
0.8277465128678779	0.8267906928265433	0.5334436687510568	0.5319287929832748	0.4357575757575758	0.5361993828965567	4.0	0.0	3.0	0.0	0.0	-0.3567465947413445	0.10141414141414141	0.2828282828282828	0.46424242424242423	0.579443934652018	0.0	0.0	0.0	110
1.1322512091154782	1.119995944426637	0.3536713998538353	0.34988803577052247	0.34040404040404026	0.40602857274545434	8.0	0.0	6.0	0.0	1.0	-1.3562600992478633	0.025454545454545462	0.24242424242424243	0.45939393939393935	1.158887869304036	0.0	0.0	0.0	117
1.2100396725572446	1.1934377579838085	0.8493118047611425	0.8383242935894846	0.7341414141414142	0.40610620372831646	12.0	0.0	7.0	0.0	3.0	-0.24328045571998078	0.7276767676767677	0.9696969696969697	1.211717171717172	1.3520358475213754	0.16666666666666666	1.0	0.2857142857142857	114
0.9450083143897742	0.9407041938880998	0.2847390513971659	0.2831240113915058	0.24202020202020208	0.3444405994789844	7.0	0.0	4.0	0.0	1.0	-1.2347339961634625	0.011515151515151515	0.15151515151515155	0.2915151515151515	0.7725919128693575	0.0	0.0	0.0	135
1.4026911725731355	1.3724055377271644	0.7221738561682919	0.708613254867326	0.7658585858585859	0.5703473762643562	18.0	0.0	10.0	0.0	3.0	-0.8477258576110447	0.4060606060606061	0.8484848484848484	1.290909090909091	1.9314797821733936	0.0	0.0	0.0	103
0.9450083143897742	0.9407041938880998	0.5246854730873625	0.5217094568884365	0.4537373737373737	0.5512043648227907	6.0	0.0	4.0	0.0	1.0	-0.6042306391875572	0.08909090909090911	0.3131313131313131	0.5371717171717172	0.7725919128693575	0.0	0.0	0.0	128
0.683750117678692	0.6854202331140761	0.48667195165733373	0.4867902852076159	0.25232323232323245	0.5565485399533383	3.0	0.0	2.0	0.0	0.0	-0.1874635109405777	0.04464646464646464	0.1919191919191919	0.3391919191919192	0.38629595643467873	0.0	0.0	0.0	139
1.280192013892186	1.2591029260400894	0.6288144773244624	0.6193697376220688	0.607878787878788	0.6077064590298273	10.0	0.0	8.0	0.0	2.0	-0.8955511558578886	0.17676767676767685	0.5757575757575756	0.974747474747475	1.545183825738715	0.2857142857142857	2.0	0.375	117
1.0448862968084678	1.0367645284728637	0.2841231870494325	0.28176983232391145	0.3080808080808082	0.33811659914927233	6.0	0.0	5.0	0.0	0.0	-1.3992373690001623	0.012323232323232323	0.1717171717171717	0.3311111111111111	0.9657398910866968	0.0	0.0	0.0	101
1.0448862968084678	1.0367645284728637	0.31636657496352305	0.3137461525266251	0.30929292929292934	0.37497087991839456	8.0	0.0	5.0	0.0	2.0	-1.316389874799673	0.015151515151515152	0.19191919191919193	0.3686868686868687	0.9657398910866968	0.0	0.0	0.0	112
0.9450083143897742	0.9407041938880998	0.2296855549731816	0.22838277841975932	0.20727272727272733	0.28032395109112157	6.0	0.0	4.0	0.0	1.0	-1.3793971841538224	0.007272727272727273	0.12121212121212122	0.23515151515151514	0.7725919128693575	0.0	0.0	0.0	119
1.344073735825258	1.3184101303266593	0.798194315433584	0.7846552221342857	0.7915151515151516	0.7469877679289829	13.0	0.0	9.0	0.0	3.0	-0.5817358464275002	0.2628282828282829	0.797979797979798	1.3331313131313134	1.7383318039560542	0.0	0.0	0.0	98
1.344073735825258	1.3184101303266593	0.4384686154639706	0.43103124416378025	0.5420202020202021	0.4723308838358048	16.0	0.0	9.0	0.0	2.0	-1.444300441840449	0.05555555555555554	0.3939393939393938	0.7323232323232325	1.7383318039560542	0.0	0.0	0.0	126
1.344073735825258	1.3184101303266593	0.8002505820440355	0.7866766100379501	0.7054545454545454	0.7658810032824147	20.0	0.0	9.0	0.0	3.0	-0.5768052485384555	0.23919191919191918	0.7878787878787878	1.3365656565656565	1.7383318039560542	0.0	0.0	0.0	98
1.0448862968084678	1.0367645284728637	0.3156731687718222	0.3130584897265667	0.3246464646464648	0.3732567273244819	7.0	0.0	5.0	0.0	1.0	-1.3181715413416188	0.01595959595959596	0.19191919191919193	0.36787878787878786	0.9657398910866968	0.0	0.0	0.0	118
1.344073735825258	1.3184101303266593	0.965598608896242	0.9492199785267469	0.7517171717171718	0.8270725267405461	18.0	0.0	9.0	0.0	4.0	-0.18032717122524022	0.42767676767676766	1.0202020202020203	1.612727272727273	1.7383318039560542	0.0	0.0	0.0	115
0.8277465128678779	0.8267906928265433	0.8103793940861355	0.808078074980249	0.6032323232323232	0.08419166257061768	6.0	0.0	3.0	0.0	1.0	0.3895937312485199	0.6482828282828282	0.6767676767676767	0.7052525252525252	0.579443934652018	0.0	0.0	0.0	106
1.4026911725731355	1.3724055377271644	0.593222311584877	0.5820830946476673	0.648888888888889	0.6247777879717764	17.0	0.0	10.0	0.0	3.0	-1.1527743000201058	0.09111111111111111	0.5757575757575757	1.0604040404040405	1.9314797821733936	0.0	0.0	0.0	111
1.280192013892186	1.2591029260400894	0.4101303958839549	0.40397027239308797	0.4345454545454546	0.46062611097096207	12.0	0.0	8.0	0.0	2.0	-1.427745142683976	0.030909090909090907	0.33333333333333337	0.6357575757575756	1.545183825738715	0.0	0.0	0.0	84
1.5070406700472805	1.4674825756639511	0.7480543689780361	0.7315417317923648	0.7256565656565659	0.7046483445381446	24.0	0.0	12.0	0.0	4.0	-0.9277044708219802	0.24949494949494952	0.8787878787878788	1.5080808080808084	2.317775738608072	0.0	0.0	0.0	111
0.9450083143897742	0.9407041938880998	0.36544471461368755	0.36337191205618063	0.3349494949494949	0.42346809632914106	6.0	0.0	4.0	0.0	1.0	-1.022665021654297	0.029898989898989904	0.20202020202020202	0.3741414141414141	0.7725919128693575	0.0	0.0	0.0	111
1.0448862968084678	1.0367645284728637	0.3005915841023282	0.29810182382529743	0.3086868686868687	0.3574008158307897	7.0	0.0	5.0	0.0	1.0	-1.3569227886289446	0.013333333333333332	0.18181818181818185	0.3503030303030303	0.9657398910866968	0.0	0.0	0.0	127
1.344073735825258	1.3184101303266593	0.6895750556579576	0.677878378752472	0.7040404040404041	0.3527677227931891	14.0	0.0	9.0	0.0	3.0	-0.842187429037059	0.6462626262626264	0.898989898989899	1.151717171717172	1.7383318039560542	0.25	2.0	0.4444444444444444	100
1.344073735825258	1.3184101303266593	0.8451255768956587	0.8307904284061607	0.6812121212121213	0.7436039048806071	13.0	0.0	9.0	0.0	3.0	-0.4692022004892943	0.34606060606060607	0.8787878787878788	1.4115151515151518	1.7383318039560542	0.125	1.0	0.2222222222222222	131
1.280192013892186	1.2591029260400894	0.5371965337888981	0.5291278877674958	0.5763636363636364	0.5606284396720732	11.0	0.0	8.0	0.0	2.0	-1.1185144292421196	0.09656565656565656	0.46464646464646453	0.8327272727272728	1.545183825738715	0.14285714285714285	1.0	0.25	105
0.8277465128678779	0.8267906928265433	0.6539211552966611	0.6520641470121344	0.4943434343434342	0.637109957183325	5.0	0.0	3.0	0.0	2.0	-0.03206040095363311	0.137979797979798	0.3535353535353536	0.5690909090909091	0.579443934652018	0.0	0.0	0.0	112
0.8277465128678779	0.8267906928265433	0.44082224845877144	0.43957039942351556	0.3181818181818183	0.5069412873932923	5.0	0.0	3.0	0.0	1.0	-0.6063608362081978	0.040606060606060604	0.21212121212121215	0.3836363636363636	0.579443934652018	0.0	0.0	0.0	145
0.9450083143897742	0.9407041938880998	0.28434440267728067	0.2827316011193069	0.27434343434343444	0.34344654291483157	5.0	0.0	4.0	0.0	0.0	-1.2357710082637516	0.01191919191919192	0.15151515151515152	0.2911111111111111	0.7725919128693575	0.0	0.0	0.0	103
0.9450083143897742	0.9407041938880998	0.48699652033832663	0.48423427589344165	0.38989898989899013	0.530826205257656	8.0	0.0	4.0	0.0	3.0	-0.7032652947651871	0.06707070707070707	0.28282828282828276	0.4985858585858586	0.7725919128693575	0.0	0.0	0.0	119
0.683750117678692	0.6854202331140761	0.16869748413613353	0.16873850267470664	0.1157575757575758	0.21529038171034476	3.0	0.0	2.0	0.0	0.0	-1.0694461640119157	0.0036363636363636364	0.06060606060606061	0.11757575757575757	0.38629595643467873	0.0	0.0	0.0	110
1.2100396725572446	1.1934377579838085	0.6938359191946646	0.6848597930290887	0.5965656565656566	0.6779736289287417	15.0	0.0	7.0	0.0	3.0	-0.6278623942995941	0.18181818181818182	0.5858585858585859	0.9898989898989901	1.3520358475213754	0.0	0.0	0.0	108
1.0448862968084678	1.0367645284728637	0.33214156582471793	0.32939048122795267	0.3551515151515151	0.39254094400599937	6.0	0.0	5.0	0.0	0.0	-1.2758569609704011	0.016969696969696968	0.20202020202020202	0.38707070707070707	0.9657398910866968	0.0	0.0	0.0	117
1.1322512091154782	1.119995944426637	0.8437411364147127	0.8347153008157804	0.6365656565656566	0.8222645677107667	12.0	0.0	6.0	0.0	2.0	-0.12201264743297528	0.21717171717171718	0.6565656565656566	1.095959595959596	1.158887869304036	0.0	0.0	0.0	101
1.1322512091154782	1.119995944426637	0.6034498818966055	0.5969945377263093	0.5484848484848485	0.559517958718131	10.0	0.0	6.0	0.0	1.0	-0.7271895160632519	0.1858585858585859	0.4848484848484848	0.7838383838383839	1.158887869304036	0.0	0.0	0.0	123
1.5538594577875808	1.509692160062358	0.5013011011964346	0.48948276839769145	0.6472727272727273	0.5266776535140023	23.0	0.0	13.0	0.0	4.0	-1.5513186133100132	0.06464646464646465	0.5656565656565656	1.0666666666666669	2.5109237168254115	0.0	0.0	0.0	131
0.9450083143897742	0.9407041938880998	0.9347254930480767	0.9294237297030928	0.6909090909090909	0.04324146054065202	6.0	0.0	4.0	0.0	1.0	0.4732249330130442	0.9218181818181818	0.9393939393939393	0.956969696969697	0.7725919128693575	0.0	0.0	0.0	110
0.9450083143897742	0.9407041938880998	0.3026955681519421	0.3009786787765557	0.2907070707070708	0.3648187590441192	5.0	0.0	4.0	0.0	0.0	-1.1875499456002985	0.013333333333333332	0.16161616161616163	0.3098989898989899	0.7725919128693575	0.0	0.0	0.0	107
1.0448862968084678	1.0367645284728637	0.5587120389629782	0.5540843011470207	0.5153535353535352	0.5455290630127047	7.0	0.0	5.0	0.0	1.0	-0.6936974183895434	0.1367676767676768	0.3939393939393939	0.6511111111111112	0.9657398910866968	0.0	0.0	0.0	105
0.9450083143897742	0.9407041938880998	0.4238527251566959	0.4214486323416177	0.3866666666666668	0.4711828114084809	6.0	0.0	4.0	0.0	1.0	-0.869187230811478	0.050909090909090904	0.24242424242424243	0.4339393939393939	0.7725919128693575	0.0	0.0	0.0	121
1.2100396725572446	1.1934377579838085	0.3405459970741159	0.3361403678030527	0.4323232323232324	0.39152977070634815	8.0	0.0	7.0	0.0	0.0	-1.5017530470829599	0.019191919191919194	0.2525252525252525	0.4858585858585858	1.3520358475213754	0.0	0.0	0.0	122
1.0448862968084678	1.0367645284728637	0.41708382430807484	0.41362917423510137	0.410909090909091	0.4739631922168508	8.0	0.0	5.0	0.0	1.0	-1.0576028095820154	0.03919191919191919	0.26262626262626265	0.4860606060606061	0.9657398910866968	0.0	0.0	0.0	103
0.8277465128678779	0.8267906928265433	0.42294793927955854	0.42174684978917604	0.3456565656565656	0.4908194796670039	4.0	0.0	3.0	0.0	0.0	-0.6545320056140818	0.035959595959595955	0.20202020202020202	0.36808080808080806	0.579443934652018	0.0	0.0	0.0	133
1.1322512091154782	1.119995944426637	0.6216466953455496	0.614996692601046	0.5640404040404041	0.6226527554113255	12.0	0.0	6.0	0.0	3.0	-0.681360588147561	0.14202020202020205	0.4747474747474748	0.8074747474747476	1.158887869304036	0.0	0.0	0.0	119
0.9450083143897742	0.9407041938880998	0.43214034827428494	0.4296892480577946	0.3599999999999999	0.492057999255692	5.0	0.0	4.0	0.0	0.0	-0.8474099767054023	0.04242424242424242	0.24242424242424246	0.4424242424242424	0.7725919128693575	0.0	0.0	0.0	113
1.280192013892186	1.2591029260400894	0.4346313537569081	0.42810322797297384	0.5181818181818183	0.4877036645884939	12.0	0.0	8.0	0.0	2.0	-1.368119117938264	0.033333333333333326	0.3535353535353535	0.6737373737373737	1.545183825738715	0.0	0.0	0.0	97
