1.280192013892186	1.2591029260400894	0.991767496878582	0.9768712338453767	0.795959595959596	0.5877059932896046	16.0	0.0	8.0	0.0	2.0	-0.012261374385510006	0.7656565656565657	1.1515151515151516	1.5373737373737375	1.545183825738715	0.0	0.0	0.0	81
0.683750117678692	0.6854202331140761	0.7347905881187259	0.7349692513408613	0.49151515151515146	-0.6985485789537782	3.0	0.0	2.0	0.0	0.0	0.5007563167978589	0.8818181818181818	0.6969696969696969	0.5121212121212121	0.38629595643467873	0.0	0.0	0.0	73
1.280192013892186	1.2591029260400894	0.6372855531847919	0.6277135786470291	0.7096969696969697	0.18154268902663176	14.0	0.0	8.0	0.0	2.0	-0.8749357749617652	0.7494949494949495	0.8686868686868687	0.9878787878787879	1.545183825738715	0.0	0.0	0.0	96
0.9450083143897742	0.9407041938880998	1.118237147794691	1.1118945062755812	0.7606060606060606	0.5551805910794025	9.0	0.0	4.0	0.0	2.0	0.9554355596475772	0.6935353535353534	0.9191919191919192	1.144848484848485	0.7725919128693575	0.0	0.0	0.0	106
0.683750117678692	0.6854202331140761	0.844067137120998	0.8442723707710408	0.5321212121212121	-0.6779356700666174	4.0	0.0	2.0	0.0	1.0	0.8038624792480819	0.9470707070707071	0.7676767676767676	0.5882828282828283	0.38629595643467873	0.0	0.0	0.0	93
0.8277465128678779	0.8267906928265433	0.7367929524002849	0.7347006044077087	0.5707070707070707	0.22331689220858864	4.0	0.0	3.0	0.0	0.0	0.1912786572009202	0.49010101010101015	0.5656565656565656	0.6412121212121213	0.579443934652018	0.0	0.0	0.0	96
1.280192013892186	1.2591029260400894	1.264145166849178	1.245157814494107	0.8787878787878788	0.09230984187794827	16.0	0.0	8.0	0.0	3.0	0.650602411351392	1.8383838383838382	1.8989898989898992	1.9595959595959598	1.545183825738715	0.0	0.0	0.0	84
1.2100396725572446	1.1934377579838085	0.7521747760738894	0.742443922565412	0.6993939393939396	0.3769533376843804	13.0	0.0	7.0	0.0	3.0	-0.48355660313857374	0.6238383838383839	0.8484848484848484	1.0731313131313132	1.3520358475213754	0.0	0.0	0.0	96
1.2100396725572446	1.1934377579838085	0.5897605313154648	0.5821308240747254	0.6288888888888889	0.1067808465562769	11.0	0.0	7.0	0.0	2.0	-0.885301123676658	0.7141414141414141	0.7777777777777777	0.8414141414141414	1.3520358475213754	0.0	0.0	0.0	77
0.9450083143897742	0.9407041938880998	0.6505784147307386	0.6468883337198853	0.5630303030303032	-0.17545098357298927	8.0	0.0	4.0	0.0	2.0	-0.2734237791952649	0.8086868686868687	0.7373737373737373	0.666060606060606	0.7725919128693575	0.0	0.0	0.0	75
1.280192013892186	1.2591029260400894	1.1028037527709016	1.0862397346648591	0.8472727272727273	0.3883167348332362	20.0	0.0	8.0	0.0	2.0	0.2579586952067581	1.1995959595959593	1.4545454545454546	1.7094949494949496	1.545183825738715	0.0	0.0	0.0	65
1.0448862968084678	1.0367645284728637	0.7095278856579178	0.7036509601597131	0.6448484848484848	-0.11013430415888847	8.0	0.0	5.0	0.0	1.0	-0.30618494551628705	0.9307070707070707	0.8787878787878788	0.8268686868686869	0.9657398910866968	0.0	0.0	0.0	86
1.1322512091154782	1.119995944426637	0.9855829643244303	0.9750397900957789	0.6806060606060607	0.22191692011320502	11.0	0.0	6.0	0.0	2.0	0.23521797016625612	1.043030303030303	1.1616161616161615	1.2802020202020203	1.158887869304036	0.0	0.0	0.0	99
1.0448862968084678	1.0367645284728637	1.1337191234309267	1.1243286780954127	0.7814141414141414	0.44567967441729195	13.0	0.0	5.0	0.0	2.0	0.7837495615191828	0.901010101010101	1.1111111111111112	1.3212121212121213	0.9657398910866968	0.0	0.0	0.0	105
1.0448862968084678	1.0367645284728637	0.7178487599583282	0.7119029137604134	0.6501010101010101	0.03899697151151282	8.0	0.0	5.0	0.0	2.0	-0.2848049470129351	0.7997979797979798	0.8181818181818182	0.8365656565656565	0.9657398910866968	0.0	0.0	0.0	87
1.2100396725572446	1.1934377579838085	0.7259789301451113	0.7165869711959465	0.7286868686868687	-0.00779669673268039	12.0	0.0	7.0	0.0	2.0	-0.5483541064511678	1.0450505050505048	1.0404040404040404	1.0357575757575759	1.3520358475213754	0.0	0.0	0.0	73
1.2100396725572446	1.1934377579838085	0.644559409015125	0.6362207709935533	0.6789898989898989	0.18712072158433235	12.0	0.0	7.0	0.0	2.0	-0.7497517518822042	0.6965656565656566	0.8080808080808082	0.9195959595959595	1.3520358475213754	0.0	0.0	0.0	92
1.2100396725572446	1.1934377579838085	1.1213238049188874	1.1068172859178271	0.7795959595959598	-0.010508591248395373	18.0	0.0	7.0	0.0	4.0	0.42956280840701055	1.6123232323232322	1.606060606060606	1.5997979797979798	1.3520358475213754	0.0	0.0	0.0	89
0.9450083143897742	0.9407041938880998	0.6126921376217602	0.6092169475887911	0.546868686868687	-0.41998889835460596	7.0	0.0	4.0	0.0	2.0	-0.37297694082303917	0.9686868686868687	0.797979797979798	0.6272727272727273	0.7725919128693575	0.0	0.0	0.0	87
1.2100396725572446	1.1934377579838085	0.6036372496993581	0.5958280199353071	0.6628282828282828	-0.02949185285840007	12.0	0.0	7.0	0.0	1.0	-0.8509759597597162	0.8963636363636364	0.8787878787878787	0.8612121212121212	1.3520358475213754	0.0	0.0	0.0	73
1.280192013892186	1.2591029260400894	0.9092722504233727	0.8956150589407612	0.8296969696969699	0.31600735869551005	20.0	0.0	8.0	0.0	5.0	-0.2130234683431459	0.9945454545454546	1.202020202020202	1.4094949494949496	1.545183825738715	0.0	0.0	0.0	85
1.2100396725572446	1.1934377579838085	0.8099472362843838	0.7994689828829361	0.7268686868686869	0.44746259509296904	12.0	0.0	7.0	0.0	1.0	-0.34065183907620405	0.6222222222222222	0.888888888888889	1.1555555555555554	1.3520358475213754	0.0	0.0	0.0	88
1.2100396725572446	1.1934377579838085	0.9930349594514658	0.9801881078597957	0.8175757575757577	0.5976337539006855	15.0	0.0	7.0	0.0	3.0	0.11223017056263052	0.7044444444444444	1.0606060606060608	1.416767676767677	1.3520358475213754	0.0	0.0	0.0	96
1.1322512091154782	1.119995944426637	0.6081157314988989	0.6016104748736776	0.605858585858586	-0.3742721480614523	11.0	0.0	6.0	0.0	2.0	-0.7154385089053826	1.1898989898989898	0.9898989898989898	0.7898989898989899	1.158887869304036	0.0	0.0	0.0	92
1.4026911725731355	1.3724055377271644	0.6992315568252304	0.6861017539693499	0.742828282828283	0.4002848937526556	15.0	0.0	10.0	0.0	2.0	-0.9019982798801414	0.6288888888888889	0.9393939393939393	1.24989898989899	1.9314797821733936	0.1111111111111111	1.0	0.2	93
1.2100396725572446	1.1934377579838085	0.9205361858539824	0.9086272478534909	0.8105050505050505	0.05118700898412012	17.0	0.0	7.0	0.0	3.0	-0.06710129806465726	1.2523232323232323	1.2828282828282829	1.3133333333333335	1.3520358475213754	0.0	0.0	0.0	88
1.344073735825258	1.3184101303266593	0.6704638718667004	0.6590913617654713	0.7236363636363637	-0.114769355057416	15.0	0.0	9.0	0.0	3.0	-0.8880129858881841	1.284242424242424	1.202020202020202	1.11979797979798	1.7383318039560542	0.0	0.0	0.0	91
1.5070406700472805	1.4674825756639511	0.7279125165782256	0.7118444929323158	0.7894949494949496	0.15020433411663836	17.0	0.0	12.0	0.0	3.0	-0.9742286894461234	1.1991919191919194	1.3333333333333333	1.4674747474747476	2.317775738608072	0.18181818181818182	2.0	0.25	78
1.1322512091154782	1.119995944426637	0.7073427997076707	0.699776071541045	0.6541414141414141	0.2827834007575424	11.0	0.0	6.0	0.0	3.0	-0.4655337566813587	0.6165656565656567	0.7676767676767675	0.9187878787878789	1.158887869304036	0.0	0.0	0.0	104
1.2100396725572446	1.1934377579838085	0.9661311176867745	0.953632319966831	0.8226262626262627	0.19423944468808435	15.0	0.0	7.0	0.0	3.0	0.04568138337672252	1.1468686868686868	1.2626262626262625	1.3783838383838383	1.3520358475213754	0.0	0.0	0.0	75
1.1322512091154782	1.119995944426637	0.8498067408976939	0.8407160191073592	0.6987878787878788	0.1376111736306755	13.0	0.0	6.0	0.0	2.0	-0.1067363381277451	0.9567676767676767	1.0303030303030303	1.1038383838383838	1.158887869304036	0.0	0.0	0.0	73
1.1322512091154782	1.119995944426637	0.6410877353551052	0.6342297640484141	0.6387878787878788	-0.1429039110780092	11.0	0.0	6.0	0.0	2.0	-0.632398058323105	0.9854545454545455	0.9090909090909092	0.8327272727272728	1.158887869304036	0.0	0.0	0.0	82
1.1322512091154782	1.119995944426637	0.7838627331852814	0.7754774407578863	0.7165656565656566	0.12853790943524648	11.0	0.0	6.0	0.0	2.0	-0.2728172392922998	0.8808080808080808	0.9494949494949495	1.0181818181818183	1.158887869304036	0.0	0.0	0.0	71
1.4026911725731355	1.3724055377271644	1.2502988060703932	1.2268213518931497	0.8981818181818182	0.315904733976559	26.0	0.0	10.0	0.0	5.0	0.40160926191353274	1.7448484848484849	1.9898989898989898	2.234949494949495	1.9314797821733936	0.0	0.0	0.0	78
0.9450083143897742	0.9407041938880998	0.6529463070500499	0.6492427953530788	0.5814141414141414	-0.02037815956513431	7.0	0.0	4.0	0.0	1.0	-0.26720170659352865	0.6850505050505051	0.6767676767676767	0.6684848484848486	0.7725919128693575	0.0	0.0	0.0	78
1.0448862968084678	1.0367645284728637	1.3060305620685935	1.2952128839099142	0.8092929292929294	-0.3282602217342748	11.0	0.0	5.0	0.0	3.0	1.2264936971927654	1.8315151515151515	1.676767676767677	1.522020202020202	0.9657398910866968	0.0	0.0	0.0	85
1.4026911725731355	1.3724055377271644	0.6227195535973847	0.6110264529450651	0.6939393939393941	0.0026043259190153406	21.0	0.0	10.0	0.0	5.0	-1.08299547138841	1.1090909090909087	1.1111111111111112	1.1131313131313132	1.9314797821733936	0.0	0.0	0.0	71
1.280192013892186	1.2591029260400894	0.5705595402541961	0.5619897847273403	0.6052525252525253	-0.16061912486762983	12.0	0.0	8.0	0.0	1.0	-1.0373215444820012	1.095353535353535	0.9898989898989898	0.8844444444444446	1.545183825738715	0.0	0.0	0.0	85
1.2100396725572446	1.1934377579838085	0.6798176016435887	0.6710228298638071	0.6802020202020203	-0.15220507969450212	13.0	0.0	7.0	0.0	3.0	-0.6625378149911987	1.1513131313131313	1.0606060606060606	0.96989898989899	1.3520358475213754	0.0	0.0	0.0	77
1.280192013892186	1.2591029260400894	0.5516625248734609	0.5433766009024283	0.6545454545454547	-0.2513904693809458	11.0	0.0	8.0	0.0	1.0	-1.0833097018656621	1.1852525252525252	1.02020202020202	0.8551515151515152	1.545183825738715	0.0	0.0	0.0	74
1.0448862968084678	1.0367645284728637	0.7837223481699112	0.7772308797659573	0.6713131313131314	0.07328002338976626	10.0	0.0	5.0	0.0	2.0	-0.11554662552806433	0.8442424242424242	0.8787878787878788	0.9133333333333333	0.9657398910866968	0.0	0.0	0.0	86
1.2100396725572446	1.1934377579838085	0.7888489603741787	0.7786436544826638	0.7472727272727273	0.24440949322881117	15.0	0.0	7.0	0.0	2.0	-0.39284009850094187	0.8341414141414142	0.9797979797979799	1.1254545454545455	1.3520358475213754	0.0	0.0	0.0	92
1.2100396725572446	1.1934377579838085	0.5942917046653076	0.5866033778251195	0.6406060606060607	0.15152710606557393	14.0	0.0	7.0	0.0	2.0	-0.8740929068874522	0.6672727272727274	0.7575757575757576	0.847878787878788	1.3520358475213754	0.0	0.0	0.0	80
1.1322512091154782	1.119995944426637	1.0681685022850225	1.056741877604199	0.7961616161616162	0.40376025669659726	11.0	0.0	6.0	0.0	2.0	0.4432107968605452	0.9559595959595959	1.1717171717171717	1.3874747474747475	1.158887869304036	0.0	0.0	0.0	78
0.8277465128678779	0.8267906928265433	0.7579171359757183	0.7557647994301098	0.5802020202020203	0.1880877568066988	6.0	0.0	3.0	0.0	1.0	0.2482082210442373	0.5323232323232324	0.5959595959595959	0.6595959595959596	0.579443934652018	0.0	0.0	0.0	88
1.0448862968084678	1.0367645284728637	0.6608161006909314	0.6553426484556135	0.6296969696969696	0.13370390232518747	9.0	0.0	5.0	0.0	1.0	-0.43134702008799414	0.644040404040404	0.7070707070707071	0.7701010101010101	0.9657398910866968	0.0	0.0	0.0	97
0.9450083143897742	0.9407041938880998	0.8469161528736215	0.8421124441388378	0.6232323232323232	-0.5010045083330683	9.0	0.0	4.0	0.0	2.0	0.2424897406986709	1.2743434343434343	1.0707070707070707	0.8670707070707071	0.7725919128693575	0.0	0.0	0.0	77
1.280192013892186	1.2591029260400894	0.6484934381692278	0.6387531221569769	0.7022222222222222	-0.28431431298408105	10.0	0.0	8.0	0.0	1.0	-0.847660040237663	1.3785858585858584	1.191919191919192	1.0052525252525253	1.545183825738715	0.0	0.0	0.0	61
0.9450083143897742	0.9407041938880998	0.5108727678913808	0.5079750973614751	0.4775757575757576	-0.8752668047366402	5.0	0.0	4.0	0.0	0.0	-0.6405260626976832	1.2345454545454544	0.8787878787878788	0.5230303030303031	0.7725919128693575	0.0	0.0	0.0	87
1.0448862968084678	1.0367645284728637	0.6441743520901105	0.638838741254213	0.6218181818181818	-0.12170483416779901	8.0	0.0	5.0	0.0	1.0	-0.4741070170946983	0.8654545454545454	0.8080808080808081	0.7507070707070707	0.9657398910866968	0.0	0.0	0.0	108
1.280192013892186	1.2591029260400894	0.8511476375971114	0.8383634728310321	0.7987878787878789	-0.005846289985603264	18.0	0.0	8.0	0.0	3.0	-0.3544766972611644	1.327070707070707	1.323232323232323	1.3193939393939393	1.545183825738715	0.0	0.0	0.0	88
1.280192013892186	1.2591029260400894	0.6379371744048171	0.6283554125720261	0.6533333333333334	0.10615631815964062	14.0	0.0	8.0	0.0	3.0	-0.8733499764312941	0.8494949494949495	0.9191919191919192	0.9888888888888889	1.545183825738715	0.0	0.0	0.0	92
1.344073735825258	1.3184101303266593	0.6586100996417433	0.6474386550266987	0.7416161616161616	0.36517522063723384	18.0	0.0	9.0	0.0	2.0	-0.9164364325426795	0.5767676767676768	0.8383838383838385	1.1	1.7383318039560542	0.0	0.0	0.0	89
0.9450083143897742	0.9407041938880998	0.736809160025653	0.7326299781953448	0.5909090909090909	0.016898961590599365	7.0	0.0	4.0	0.0	1.0	-0.0468366352820489	0.7406060606060606	0.7474747474747475	0.7543434343434343	0.7725919128693575	0.0	0.0	0.0	86
0.9450083143897742	0.9407041938880998	1.195390972532246	1.1886107144904658	0.7286868686868688	-0.517903469923668	9.0	0.0	4.0	0.0	2.0	1.1581714252541386	1.6448484848484848	1.4343434343434345	1.223838383838384	0.7725919128693575	0.0	0.0	0.0	81
0.9450083143897742	0.9407041938880998	0.7902840615700965	0.7858015700782957	0.6365656565656567	0.3752563529677248	7.0	0.0	4.0	0.0	2.0	0.09367850430715371	0.5040404040404041	0.6565656565656566	0.8090909090909091	0.7725919128693575	0.0	0.0	0.0	82
0.9450083143897742	0.9407041938880998	1.078180302726344	1.0720648636473926	0.7064646464646466	0.3300267792987672	7.0	0.0	4.0	0.0	1.0	0.850178831468211	0.8355555555555556	0.9696969696969697	1.1038383838383838	0.7725919128693575	0.0	0.0	0.0	86
1.2100396725572446	1.1934377579838085	0.6624009040801306	0.65383145138573	0.6939393939393941	-0.1091537542575275	11.0	0.0	7.0	0.0	1.0	-0.7056193982747075	1.075151515151515	1.0101010101010102	0.945050505050505	1.3520358475213754	0.0	0.0	0.0	75
1.1322512091154782	1.119995944426637	0.5927184278113308	0.586377882287362	0.613939393939394	-0.014744054317572463	12.0	0.0	6.0	0.0	2.0	-0.7542168325263519	0.7856565656565656	0.7777777777777778	0.7698989898989899	1.158887869304036	0.0	0.0	0.0	83
1.280192013892186	1.2591029260400894	1.0522379460969344	1.0364334220850948	0.8185858585858586	0.48431897038630245	20.0	0.0	8.0	0.0	3.0	0.13490072924220398	0.9951515151515151	1.3131313131313131	1.6311111111111112	1.545183825738715	0.0	0.0	0.0	87
1.0448862968084678	1.0367645284728637	0.6349867200500741	0.6297272091534399	0.6155555555555555	0.2626938850171156	7.0	0.0	5.0	0.0	1.0	-0.49771409877548256	0.49232323232323233	0.6161616161616161	0.7400000000000001	0.9657398910866968	0.0	0.0	0.0	91
1.0448862968084678	1.0367645284728637	0.685085317400462	0.679410846457656	0.6272727272727273	-0.020569831126952064	11.0	0.0	5.0	0.0	2.0	-0.36898869111988397	0.8177777777777777	0.8080808080808081	0.7983838383838383	0.9657398910866968	0.0	0.0	0.0	78
1.2100396725572446	1.1934377579838085	0.8563917631202717	0.8453126588244751	0.7412121212121213	0.11796741143360139	14.0	0.0	7.0	0.0	3.0	-0.22576761698684747	1.0812121212121213	1.1515151515151514	1.221818181818182	1.3520358475213754	0.0	0.0	0.0	84
0.8277465128678779	0.8267906928265433	1.2124352836757049	1.2089922044175998	0.7383838383838384	-0.31467380265755646	7.0	0.0	3.0	0.0	2.0	1.4731322430795721	1.2680808080808084	1.1616161616161618	1.0551515151515152	0.579443934652018	0.0	0.0	0.0	73
1.280192013892186	1.2591029260400894	1.0930294344705214	1.0766122257899047	0.8440404040404041	-0.757863801817956	15.0	0.0	8.0	0.0	3.0	0.23417171724969227	2.68949494949495	2.191919191919192	1.6943434343434345	1.545183825738715	0.14285714285714285	1.0	0.25	85
0.8277465128678779	0.8267906928265433	1.0490130283229007	1.04603403633221	0.6797979797979798	0.4591729682042896	6.0	0.0	3.0	0.0	1.0	1.0327101227972044	0.6022222222222222	0.7575757575757576	0.9129292929292929	0.579443934652018	0.0	0.0	0.0	95
1.2100396725572446	1.1934377579838085	0.6206291497612683	0.6126000964992848	0.6567676767676768	0.18067997210950962	11.0	0.0	7.0	0.0	2.0	-0.8089451468001955	0.6701010101010101	0.7777777777777778	0.8854545454545455	1.3520358475213754	0.0	0.0	0.0	70
0.9450083143897742	0.9407041938880998	0.6322272492560772	0.6286412560626365	0.5713131313131312	-0.19682319970227705	6.0	0.0	4.0	0.0	1.0	-0.32164484185871817	0.8072727272727273	0.7272727272727273	0.6472727272727272	0.7725919128693575	0.0	0.0	0.0	76
1.1322512091154782	1.119995944426637	0.7868177712667339	0.7784008676178862	0.7060606060606062	-0.11001332836957853	13.0	0.0	6.0	0.0	2.0	-0.2653749347589826	1.1395959595959595	1.0808080808080809	1.022020202020202	1.158887869304036	0.0	0.0	0.0	71
0.9450083143897742	0.9407041938880998	0.7005014777962153	0.696528233153046	0.5818181818181818	-0.024851414103822998	8.0	0.0	4.0	0.0	1.0	-0.1422417485086662	0.7373737373737375	0.7272727272727273	0.7171717171717171	0.7725919128693575	0.0	0.0	0.0	92
0.8277465128678779	0.8267906928265433	1.1708833181811706	1.1675582383845247	0.6901010101010102	0.32482457048521896	6.0	0.0	3.0	0.0	1.0	1.3611499142009584	0.7991919191919192	0.9090909090909091	1.018989898989899	0.579443934652018	0.0	0.0	0.0	88
1.1322512091154782	1.119995944426637	0.8524507223389934	0.8433317168242012	0.7319191919191921	0.04952490040005047	14.0	0.0	6.0	0.0	3.0	-0.10007743407161926	1.0543434343434344	1.0808080808080809	1.1072727272727272	1.158887869304036	0.0	0.0	0.0	92
1.0448862968084678	1.0367645284728637	1.1536545514423266	1.1440989835970905	0.76	0.2164117649814737	9.0	0.0	5.0	0.0	1.0	0.8349724746001306	1.1404040404040403	1.2424242424242424	1.3444444444444446	0.9657398910866968	0.0	0.0	0.0	113
1.2100396725572446	1.1934377579838085	0.9872293935969796	0.9744576483671031	0.812929292929293	0.2616978207664936	16.0	0.0	7.0	0.0	3.0	0.09786964280146032	1.0965656565656565	1.2525252525252526	1.4084848484848482	1.3520358475213754	0.0	0.0	0.0	82
1.1322512091154782	1.119995944426637	0.6748373808116936	0.6676183760810452	0.6337373737373737	-0.2309901843086338	8.0	0.0	6.0	0.0	2.0	-0.5473991065478495	1.1234343434343435	1.0	0.8765656565656565	1.158887869304036	0.2	1.0	0.3333333333333333	89
0.9450083143897742	0.9407041938880998	0.9274244917302008	0.9221641396674133	0.6785858585858586	0.049702828207645995	8.0	0.0	4.0	0.0	1.0	0.45404020915769194	0.9090909090909091	0.9292929292929293	0.9494949494949496	0.7725919128693575	0.0	0.0	0.0	94
1.2100396725572446	1.1934377579838085	0.9124650333245752	0.9006605114856016	0.7161616161616163	0.5572943229794257	16.0	0.0	7.0	0.0	4.0	-0.08706593422042946	0.6375757575757576	0.9696969696969697	1.301818181818182	1.3520358475213754	0.0	0.0	0.0	79
0.8277465128678779	0.8267906928265433	0.6033159682697983	0.6016026688266018	0.47797979797979784	-0.866397889290539	5.0	0.0	3.0	0.0	1.0	-0.16844111433652556	1.1113131313131313	0.8181818181818182	0.525050505050505	0.579443934652018	0.0	0.0	0.0	91
0.9450083143897742	0.9407041938880998	0.6679429584056871	0.6641543856966369	0.5852525252525252	0.41501861553384134	6.0	0.0	4.0	0.0	1.0	-0.22779524678253488	0.3464646464646465	0.5151515151515151	0.6838383838383838	0.7725919128693575	0.0	0.0	0.0	96
0.8277465128678779	0.8267906928265433	1.1075107674548703	1.1043656533173212	0.6785858585858586	0.2513807797321273	5.0	0.0	3.0	0.0	1.0	1.1903612226710065	0.7937373737373737	0.8787878787878788	0.9638383838383838	0.579443934652018	0.0	0.0	0.0	88
1.280192013892186	1.2591029260400894	0.6252957227363254	0.6159038344270851	0.6981818181818181	0.27631412668799216	14.0	0.0	8.0	0.0	1.0	-0.9041144679224327	0.6064646464646465	0.7878787878787878	0.9692929292929293	1.545183825738715	0.0	0.0	0.0	73
1.0448862968084678	1.0367645284728637	0.5748337329200234	0.5700724612483775	0.5143434343434342	-0.6788044271894137	6.0	0.0	5.0	0.0	1.0	-0.6522736712892987	1.30989898989899	0.98989898989899	0.66989898989899	0.9657398910866968	0.0	0.0	0.0	77
1.2100396725572446	1.1934377579838085	0.8975971207704038	0.8859849444921211	0.7652525252525254	0.47085268529101115	14.0	0.0	7.0	0.0	2.0	-0.12384289556001	0.7193939393939394	1.0	1.2806060606060607	1.3520358475213754	0.0	0.0	0.0	93
1.1322512091154782	1.119995944426637	1.0988075813400817	1.087053198205251	0.7676767676767677	0.6105550698174195	14.0	0.0	6.0	0.0	2.0	0.5203757438638873	0.7747474747474747	1.101010101010101	1.427272727272727	1.158887869304036	0.0	0.0	0.0	80
1.0448862968084678	1.0367645284728637	0.5410301810746058	0.5365488997455324	0.5167676767676767	-0.6123810141752983	9.0	0.0	5.0	0.0	1.0	-0.7391299152091668	1.207878787878788	0.9191919191919192	0.6305050505050505	0.9657398910866968	0.0	0.0	0.0	85
1.2100396725572446	1.1934377579838085	1.2333287461603117	1.21737322393538	0.7563636363636365	-0.20000222053397887	11.0	0.0	7.0	0.0	2.0	0.7066159171651837	1.997979797979798	1.878787878787879	1.7595959595959596	1.3520358475213754	0.0	0.0	0.0	87
0.9450083143897742	0.9407041938880998	0.6310433030964216	0.62746402524604	0.5519191919191919	-0.39861668222531815	7.0	0.0	4.0	0.0	2.0	-0.32475587815958584	0.9701010101010101	0.8080808080808081	0.6460606060606061	0.7725919128693575	0.0	0.0	0.0	74
1.0448862968084678	1.0367645284728637	1.312791272437677	1.3019175962104832	0.8496969696969698	0.22412545165408024	13.0	0.0	5.0	0.0	3.0	1.2438649459767388	1.3185858585858585	1.4242424242424243	1.5298989898989899	0.9657398910866968	0.0	0.0	0.0	81
0.9450083143897742	0.9407041938880998	0.6663643635261464	0.6625847446078413	0.5622222222222223	-0.4339056902527463	6.0	0.0	4.0	0.0	1.0	-0.2319432951836919	1.0349494949494948	0.8585858585858585	0.6822222222222223	0.7725919128693575	0.0	0.0	0.0	73
1.280192013892186	1.2591029260400894	0.7034902691393672	0.6929239054267204	0.7185858585858587	0.030154548346796317	17.0	0.0	8.0	0.0	3.0	-0.7138186442659059	1.0509090909090908	1.0707070707070707	1.0905050505050504	1.545183825738715	0.0	0.0	0.0	80
0.683750117678692	0.6854202331140761	0.7855157766476321	0.7857067736227749	0.5004040404040404	-0.9084948731748592	4.0	0.0	2.0	0.0	1.0	0.6414554638238243	1.0282828282828282	0.7878787878787878	0.5474747474747474	0.38629595643467873	0.0	0.0	0.0	82
1.1322512091154782	1.119995944426637	0.6863464764973506	0.6790043543778873	0.6672727272727274	0.36406472584159466	10.0	0.0	6.0	0.0	2.0	-0.5184132888917713	0.5024242424242424	0.696969696969697	0.8915151515151516	1.158887869304036	0.0	0.0	0.0	88
1.2100396725572446	1.1934377579838085	0.5186777493898074	0.5119676371154187	0.5218181818181817	-0.3684786673227709	12.0	0.0	7.0	0.0	1.0	-1.061130024557319	1.1791919191919191	0.9595959595959596	0.74	1.3520358475213754	0.0	0.0	0.0	88
1.0448862968084678	1.0367645284728637	0.5819411463849573	0.5771210049489756	0.5757575757575759	-0.3398307517431851	8.0	0.0	5.0	0.0	1.0	-0.6340115892343522	0.9985858585858586	0.8383838383838385	0.6781818181818182	0.9657398910866968	0.0	0.0	0.0	65
0.8277465128678779	0.8267906928265433	1.1999000538617115	1.1964925722065047	0.6260606060606061	-0.28720701912387897	5.0	0.0	3.0	0.0	1.0	1.4393498645351865	1.2385858585858585	1.1414141414141414	1.0442424242424244	0.579443934652018	0.0	0.0	0.0	94
0.8277465128678779	0.8267906928265433	0.7472389772452794	0.7451169645836213	0.5523232323232323	-0.6156142135482735	6.0	0.0	3.0	0.0	1.0	0.21943063932124182	1.066868686868687	0.8585858585858586	0.6503030303030304	0.579443934652018	0.0	0.0	0.0	75
1.1322512091154782	1.119995944426637	0.6709491728097826	0.6637717617915717	0.6676767676767678	0.3455401447759269	11.0	0.0	6.0	0.0	2.0	-0.5571916125127405	0.5022222222222222	0.6868686868686869	0.8715151515151516	1.158887869304036	0.0	0.0	0.0	86
1.4026911725731355	1.3724055377271644	0.6602409495673178	0.6478432918520999	0.7395959595959596	0.27137076076139677	17.0	0.0	10.0	0.0	3.0	-0.9942346625542222	0.7591919191919192	0.9696969696969697	1.1802020202020203	1.9314797821733936	0.0	0.0	0.0	109
1.344073735825258	1.3184101303266593	0.7681970142928765	0.7551667397749429	0.774949494949495	0.028480847323830622	18.0	0.0	9.0	0.0	3.0	-0.65366456857357	1.2422222222222223	1.2626262626262628	1.2830303030303032	1.7383318039560542	0.0	0.0	0.0	94
1.280192013892186	1.2591029260400894	0.9208711081398239	0.9070397028057071	0.7812121212121214	0.5433972691881894	19.0	0.0	8.0	0.0	2.0	-0.18479625450076106	0.713939393939394	1.0707070707070707	1.4274747474747476	1.545183825738715	0.0	0.0	0.0	87
1.2100396725572446	1.1934377579838085	1.210106482742368	1.1944513859646106	0.7646464646464648	0.422377570822606	14.0	0.0	7.0	0.0	3.0	0.6491738061205057	1.223030303030303	1.4747474747474747	1.7264646464646465	1.3520358475213754	0.0	0.0	0.0	90
1.4026911725731355	1.3724055377271644	0.6265621061967153	0.6147968521102434	0.7319191919191921	0.21980510756489363	20.0	0.0	10.0	0.0	4.0	-1.0739055090379208	0.778989898989899	0.9494949494949494	1.12	1.9314797821733936	0.0	0.0	0.0	65
0.683750117678692	0.6854202331140761	0.9504451039216182	0.9506762032136822	0.5836363636363636	-0.20689252994150165	3.0	0.0	2.0	0.0	0.0	1.0989286904396776	0.7719191919191919	0.7171717171717171	0.6624242424242424	0.38629595643467873	0.0	0.0	0.0	103
1.344073735825258	1.3184101303266593	0.8725827839881611	0.8577819021786236	0.7925252525252527	0.22953871011483293	23.0	0.0	9.0	0.0	4.0	-0.40336421691204505	1.1284848484848484	1.292929292929293	1.4573737373737377	1.7383318039560542	0.0	0.0	0.0	81
1.1322512091154782	1.119995944426637	0.8071919811967482	0.7985571264947281	0.7444444444444445	-0.11719632919095978	9.0	0.0	6.0	0.0	1.0	-0.21406220350295257	1.1737373737373737	1.1111111111111112	1.0484848484848486	1.158887869304036	0.0	0.0	0.0	85
1.344073735825258	1.3184101303266593	1.027770434647547	1.0103372363199006	0.7151515151515152	0.49263406212605976	11.0	0.0	9.0	0.0	2.0	-0.031249093874112236	1.0107070707070709	1.3636363636363638	1.7165656565656566	1.7383318039560542	0.125	1.0	0.2222222222222222	95
1.0448862968084678	1.0367645284728637	0.9432057722611119	0.9353933237793792	0.7541414141414141	-0.21812591757538588	11.0	0.0	5.0	0.0	2.0	0.29423667911951745	1.304848484848485	1.202020202020202	1.0991919191919193	0.9657398910866968	0.0	0.0	0.0	87
1.2100396725572446	1.1934377579838085	0.5838133662937962	0.5762605972773331	0.617777777777778	-0.24644341411559778	12.0	0.0	7.0	0.0	1.0	-0.9000119082124902	1.1266666666666667	0.9797979797979799	0.8329292929292929	1.3520358475213754	0.0	0.0	0.0	76
1.4026911725731355	1.3724055377271644	0.6759502087234044	0.6632575707920934	0.768888888888889	0.21641948387017354	20.0	0.0	10.0	0.0	3.0	-0.957072757650752	0.8725252525252526	1.0404040404040404	1.2082828282828284	1.9314797821733936	0.0	0.0	0.0	80
1.1322512091154782	1.119995944426637	0.6376661123134234	0.6308447434736772	0.6393939393939394	-0.03780526748095483	10.0	0.0	6.0	0.0	3.0	-0.6410154635722094	0.8686868686868686	0.8484848484848485	0.8282828282828283	1.158887869304036	0.0	0.0	0.0	77
0.9450083143897742	0.9407041938880998	1.0578558936522564	1.0518557346291493	0.5721212121212121	-0.4915609709736159	8.0	0.0	4.0	0.0	2.0	0.7967727083033112	1.4826262626262627	1.2828282828282829	1.083030303030303	0.7725919128693575	0.0	0.0	0.0	78
0.9450083143897742	0.9407041938880998	0.615257354301014	0.6117676143580839	0.5573737373737375	-0.4880817729990804	5.0	0.0	4.0	0.0	0.0	-0.36623636217115857	1.0266666666666666	0.8282828282828283	0.62989898989899	0.7725919128693575	0.0	0.0	0.0	90
1.1322512091154782	1.119995944426637	0.611692882860657	0.6051493600199933	0.6036363636363636	-0.46009010524322	10.0	0.0	6.0	0.0	1.0	-0.7064294034176829	1.2862626262626262	1.0404040404040404	0.7945454545454544	1.158887869304036	0.0	0.0	0.0	91
1.2100396725572446	1.1934377579838085	0.6686312674361645	0.6599812127925219	0.6351515151515152	-0.2637317416532802	9.0	0.0	7.0	0.0	2.0	-0.6902081001895497	1.2682828282828282	1.1111111111111112	0.9539393939393941	1.3520358475213754	0.16666666666666666	1.0	0.2857142857142857	75
1.1322512091154782	1.119995944426637	0.8266330212063037	0.8177901979420962	0.7195959595959598	-0.3912845184278823	14.0	0.0	6.0	0.0	2.0	-0.16509967367849687	1.4919191919191919	1.2828282828282829	1.0737373737373737	1.158887869304036	0.0	0.0	0.0	71
0.9450083143897742	0.9407041938880998	1.2622839305527858	1.2551242556281792	0.6470707070707071	-0.0760453271576981	8.0	0.0	4.0	0.0	2.0	1.3339449762531779	1.354141414141414	1.3232323232323233	1.2923232323232323	0.7725919128693575	0.0	0.0	0.0	100
0.9450083143897742	0.9407041938880998	0.7606854075787072	0.7563707996633783	0.6341414141414142	0.10189079782567374	7.0	0.0	4.0	0.0	1.0	0.015902596785454946	0.695959595959596	0.7373737373737373	0.7787878787878788	0.7725919128693575	0.0	0.0	0.0	73
1.4026911725731355	1.3724055377271644	0.8400498079654012	0.8242757939638237	0.8131313131313133	0.3862215337899726	16.0	0.0	10.0	0.0	2.0	-0.5688778949180993	0.9024242424242424	1.202020202020202	1.5016161616161616	1.9314797821733936	0.0	0.0	0.0	78
1.1322512091154782	1.119995944426637	0.7331605008403603	0.7253175904231498	0.6939393939393941	0.19431907485210761	10.0	0.0	6.0	0.0	2.0	-0.4005115170744815	0.7446464646464647	0.8484848484848484	0.9523232323232322	1.158887869304036	0.0	0.0	0.0	102
1.2100396725572446	1.1934377579838085	0.6641000940863218	0.6555086590421277	0.6642424242424244	0.3016982648732902	12.0	0.0	7.0	0.0	2.0	-0.7014163169787553	0.5878787878787879	0.7676767676767676	0.9474747474747476	1.3520358475213754	0.0	0.0	0.0	76
1.280192013892186	1.2591029260400894	0.762787800161674	0.751330792601444	0.7189898989898991	0.4009324132232222	17.0	0.0	8.0	0.0	4.0	-0.5695109779930397	0.655959595959596	0.9191919191919192	1.1824242424242424	1.545183825738715	0.0	0.0	0.0	103
1.344073735825258	1.3184101303266593	1.0949014916358237	1.0763296061160104	0.8127272727272727	0.49404400506288326	16.0	0.0	9.0	0.0	3.0	0.129720425444713	1.1208080808080807	1.4747474747474747	1.8286868686868687	1.7383318039560542	0.125	1.0	0.2222222222222222	86
1.1322512091154782	1.119995944426637	0.850895439138229	0.8417930711084117	0.7492929292929292	-0.14328196375281854	11.0	0.0	6.0	0.0	1.0	-0.10399443645757578	1.2583838383838384	1.1818181818181817	1.1052525252525252	1.158887869304036	0.0	0.0	0.0	80
0.683750117678692	0.6854202331140761	0.8008782623163864	0.8010729946567258	0.5234343434343435	-0.37179580103878723	4.0	0.0	2.0	0.0	1.0	0.6840672054945451	0.7549494949494949	0.6565656565656566	0.5581818181818181	0.38629595643467873	0.0	0.0	0.0	90
1.2100396725572446	1.1934377579838085	0.7906897495475523	0.7804606294437614	0.7127272727272728	0.23186698109362955	18.0	0.0	7.0	0.0	4.0	-0.3882867604303273	0.8517171717171717	0.9898989898989898	1.128080808080808	1.3520358475213754	0.0	0.0	0.0	84
1.280192013892186	1.2591029260400894	1.088859058662359	1.072504488669924	0.851919191919192	0.032308444657281964	14.0	0.0	8.0	0.0	2.0	0.22402260665467744	1.6454545454545455	1.6666666666666667	1.687878787878788	1.545183825738715	0.0	0.0	0.0	95
0.9450083143897742	0.9407041938880998	0.6300566812967087	0.6264829995655427	0.5557575757575758	-0.6247645505701058	6.0	0.0	4.0	0.0	1.0	-0.32734840841030916	1.1529292929292931	0.8989898989898989	0.6450505050505051	0.7725919128693575	0.0	0.0	0.0	95
1.2100396725572446	1.1934377579838085	0.6421522231730211	0.6338447268136566	0.6848484848484848	0.16440860501521992	11.0	0.0	7.0	0.0	1.0	-0.7557061170514695	0.7202020202020202	0.8181818181818181	0.9161616161616162	1.3520358475213754	0.0	0.0	0.0	77
1.344073735825258	1.3184101303266593	0.8753647917552427	0.860516721107111	0.7543434343434343	-0.483046450155661	15.0	0.0	9.0	0.0	3.0	-0.3966934080033371	2.154141414141414	1.808080808080808	1.4620202020202022	1.7383318039560542	0.0	0.0	0.0	88
1.2100396725572446	1.1934377579838085	1.4049469367856044	1.3867711972315548	0.8507070707070709	0.2786471614897134	17.0	0.0	7.0	0.0	2.0	1.131127128056342	1.6723232323232324	1.8383838383838382	2.0044444444444447	1.3520358475213754	0.0	0.0	0.0	87
0.9450083143897742	0.9407041938880998	0.9617589303602122	0.9563038333487173	0.7171717171717171	-0.012922735333987958	8.0	0.0	4.0	0.0	2.0	0.544260261882862	0.9951515151515151	0.9898989898989898	0.9846464646464645	0.7725919128693575	0.0	0.0	0.0	70
1.280192013892186	1.2591029260400894	0.777253791246237	0.7655795057363768	0.7660606060606062	0.2966222919011409	17.0	0.0	8.0	0.0	2.0	-0.5343062506165819	0.8153535353535354	1.0101010101010102	1.204848484848485	1.545183825738715	0.0	0.0	0.0	55
1.1322512091154782	1.119995944426637	0.7712649392590893	0.7630144104599915	0.6351515151515152	0.15462354399710485	11.0	0.0	6.0	0.0	2.0	-0.3045449586185477	0.8365656565656565	0.9191919191919192	1.0018181818181817	1.158887869304036	0.0	0.0	0.0	77
0.8277465128678779	0.8267906928265433	0.9030008143784207	0.9004364685400081	0.635959595959596	-0.24481263584363971	6.0	0.0	3.0	0.0	1.0	0.6392079727153731	0.9515151515151515	0.8686868686868687	0.7858585858585858	0.579443934652018	0.0	0.0	0.0	94
1.1322512091154782	1.119995944426637	0.5679894249191761	0.5619134154063096	0.6177777777777778	-0.35839393571945144	7.0	0.0	6.0	0.0	0.0	-0.8164971704630599	1.1208080808080807	0.9292929292929293	0.7377777777777778	1.158887869304036	0.0	0.0	0.0	93
1.456812522224161	1.4218876372101144	0.8318940900545233	0.814858615063768	0.8393939393939395	0.28684940661344766	23.0	0.0	11.0	0.0	3.0	-0.6653056663799112	1.104040404040404	1.3434343434343434	1.5828282828282827	2.124627760390733	0.0	0.0	0.0	79
1.1322512091154782	1.119995944426637	0.6826137968155159	0.6753116046599926	0.6331313131313132	0.2415756592033012	11.0	0.0	6.0	0.0	3.0	-0.5278140946180669	0.6284848484848485	0.7575757575757576	0.8866666666666667	1.158887869304036	0.0	0.0	0.0	91
1.280192013892186	1.2591029260400894	0.7192595026639809	0.708456286411647	0.7163636363636365	0.4520105257290207	18.0	0.0	8.0	0.0	3.0	-0.675442319828506	0.5214141414141414	0.8181818181818182	1.1149494949494951	1.545183825738715	0.0	0.0	0.0	96
1.0448862968084678	1.0367645284728637	0.6058636599986373	0.6008453715509888	0.5959595959595958	-0.10927722786193214	8.0	0.0	5.0	0.0	1.0	-0.5725440935372151	0.8090909090909091	0.7575757575757576	0.706060606060606	0.9657398910866968	0.0	0.0	0.0	84
1.344073735825258	1.3184101303266593	0.9150386416510171	0.8995176171307577	0.8202020202020203	0.4272127098574587	17.0	0.0	9.0	0.0	4.0	-0.3015618722617614	0.9161616161616161	1.2222222222222223	1.5282828282828282	1.7383318039560542	0.0	0.0	0.0	90
0.683750117678692	0.6854202331140761	0.8043565609583687	0.8045521390417715	0.5327272727272727	-0.057258080242112507	3.0	0.0	2.0	0.0	0.0	0.6937151470048976	0.5909090909090909	0.5757575757575757	0.5606060606060607	0.38629595643467873	0.0	0.0	0.0	73
0.9450083143897742	0.9407041938880998	0.6632071737670647	0.65944546243025	0.5810101010101011	-0.2927496581430333	7.0	0.0	4.0	0.0	2.0	-0.24023939198600677	0.916969696969697	0.797979797979798	0.6789898989898989	0.7725919128693575	0.0	0.0	0.0	74
1.2100396725572446	1.1934377579838085	0.6925615266900212	0.6836018872867904	0.6733333333333335	0.2172905480716617	11.0	0.0	7.0	0.0	2.0	-0.6310147052715585	0.7290909090909091	0.8585858585858586	0.9880808080808081	1.3520358475213754	0.0	0.0	0.0	90
0.9450083143897742	0.9407041938880998	1.1036351451589388	1.0973753262042216	0.6333333333333334	-0.12773626849364886	7.0	0.0	4.0	0.0	1.0	0.9170661119368723	1.2337373737373738	1.1818181818181817	1.12989898989899	0.7725919128693575	0.0	0.0	0.0	90
0.9450083143897742	0.9407041938880998	0.7316787266671455	0.727528644656759	0.6218181818181819	0.15308471087954859	8.0	0.0	4.0	0.0	1.0	-0.06031779258581012	0.6246464646464647	0.6868686868686869	0.749090909090909	0.7725919128693575	0.0	0.0	0.0	78
1.1322512091154782	1.119995944426637	1.3358327411365838	1.3215428052915643	0.800808080808081	0.3927967291271201	12.0	0.0	6.0	0.0	2.0	1.1173269074836558	1.3153535353535353	1.5252525252525253	1.7351515151515151	1.158887869304036	0.0	0.0	0.0	80
0.9450083143897742	0.9407041938880998	0.8409964220753436	0.8362262900558542	0.6507070707070707	-0.31710404396477926	8.0	0.0	4.0	0.0	1.0	0.22693455919433106	1.1187878787878787	0.9898989898989898	0.861010101010101	0.7725919128693575	0.0	0.0	0.0	83
0.9450083143897742	0.9407041938880998	0.6302540056566512	0.626679204701642	0.49898989898989904	-0.6988217645994983	5.0	0.0	4.0	0.0	0.0	-0.3268299023601648	1.2133333333333334	0.9292929292929293	0.6452525252525252	0.7725919128693575	0.0	0.0	0.0	92
1.1322512091154782	1.119995944426637	0.635799772472506	0.6289983686147299	0.6143434343434343	-0.11795243454057887	11.0	0.0	6.0	0.0	1.0	-0.6457158664353572	0.9519191919191919	0.8888888888888888	0.8258585858585858	1.158887869304036	0.0	0.0	0.0	75
0.9450083143897742	0.9407041938880998	0.6624178763272944	0.6586606418858524	0.5862626262626264	0.10288485438982667	8.0	0.0	4.0	0.0	1.0	-0.24231341618658514	0.5945454545454546	0.6363636363636364	0.6781818181818182	0.7725919128693575	0.0	0.0	0.0	85
0.9450083143897742	0.9407041938880998	0.6939897739181098	0.6900534636617643	0.6004040404040404	-0.3643217307620427	6.0	0.0	4.0	0.0	1.0	-0.15935244816343974	1.0066666666666668	0.8585858585858586	0.7105050505050505	0.7725919128693575	0.0	0.0	0.0	85
1.0448862968084678	1.0367645284728637	0.9154695245930768	0.9078868117770449	0.7024242424242425	0.3989690162331716	8.0	0.0	5.0	0.0	1.0	0.22297001744167672	0.6907070707070707	0.8787878787878788	1.0668686868686867	0.9657398910866968	0.0	0.0	0.0	127
0.8277465128678779	0.8267906928265433	0.7091690200324101	0.7071551186091838	0.5167676767676769	-0.8926704648444903	6.0	0.0	3.0	0.0	1.0	0.11683230448273542	1.2212121212121212	0.9191919191919192	0.6171717171717171	0.579443934652018	0.0	0.0	0.0	81
1.4026911725731355	1.3724055377271644	0.6973102805255651	0.6842165543867607	0.7383838383838385	0.09636005900356703	19.0	0.0	10.0	0.0	3.0	-0.9065432610553861	1.0969696969696972	1.1717171717171717	1.2464646464646465	1.9314797821733936	0.0	0.0	0.0	72
1.0448862968084678	1.0367645284728637	1.0978353530104064	1.0887421281923926	0.746868686868687	0.3783991851062198	10.0	0.0	5.0	0.0	2.0	0.6915483179734766	0.9226262626262627	1.101010101010101	1.2793939393939393	0.9657398910866968	0.0	0.0	0.0	73
1.344073735825258	1.3184101303266593	1.0650251473545547	1.0469600289274716	0.8438383838383839	0.7204808407167047	25.0	0.0	9.0	0.0	4.0	0.058081738468587475	0.7464646464646465	1.2626262626262628	1.778787878787879	1.7383318039560542	0.0	0.0	0.0	86
0.9450083143897742	0.9407041938880998	0.7093810739936321	0.7053574642775212	0.6072727272727273	-0.27585069655243366	7.0	0.0	4.0	0.0	1.0	-0.11890897625215667	0.9505050505050505	0.8383838383838383	0.7262626262626262	0.7725919128693575	0.0	0.0	0.0	90
1.280192013892186	1.2591029260400894	1.0779118221659332	1.061721678729975	0.8212121212121213	0.31416116185795107	16.0	0.0	8.0	0.0	2.0	0.19738119134276352	1.2583838383838384	1.4646464646464645	1.670909090909091	1.545183825738715	0.0	0.0	0.0	93
1.1322512091154782	1.119995944426637	0.7544678806908334	0.7463970367294654	0.7092929292929293	0.00037805267480955034	9.0	0.0	6.0	0.0	2.0	-0.34684858438687755	0.9795959595959596	0.9797979797979798	0.98	1.158887869304036	0.0	0.0	0.0	91
1.280192013892186	1.2591029260400894	0.635851986500736	0.6263015440120359	0.6866666666666666	0.16277302117811562	12.0	0.0	8.0	0.0	2.0	-0.8784245317288015	0.7719191919191919	0.8787878787878788	0.9856565656565657	1.545183825738715	0.14285714285714285	1.0	0.25	78
0.9450083143897742	0.9407041938880998	0.9378826828071584	0.932563011880684	0.49616161616161614	-1.439890933175495	7.0	0.0	4.0	0.0	1.0	0.48152102981535877	2.1307070707070705	1.5454545454545454	0.9602020202020203	0.7725919128693575	0.0	0.0	0.0	81
1.280192013892186	1.2591029260400894	0.8648316832176438	0.8518419852559683	0.7420202020202021	0.6880160214636417	17.0	0.0	8.0	0.0	1.0	-0.3211749281212722	0.4371717171717172	0.8888888888888888	1.3406060606060606	1.545183825738715	0.0	0.0	0.0	96
0.9450083143897742	0.9407041938880998	0.6963576662374209	0.6924079252949576	0.6022222222222223	-0.060140422131251106	7.0	0.0	4.0	0.0	1.0	-0.1531303755617038	0.7618181818181817	0.7373737373737373	0.712929292929293	0.7725919128693575	0.0	0.0	0.0	88
1.1322512091154782	1.119995944426637	0.9981807582506224	0.9875028203936734	0.6581818181818182	0.7629102977656678	12.0	0.0	6.0	0.0	4.0	0.26694568949250363	0.4812121212121212	0.888888888888889	1.2965656565656567	1.158887869304036	0.0	0.0	0.0	77
1.344073735825258	1.3184101303266593	0.7956542213853787	0.7821582135474057	0.7337373737373737	0.4731768495978983	14.0	0.0	9.0	0.0	1.0	-0.5878265849963211	0.6509090909090909	0.9898989898989898	1.3288888888888888	1.7383318039560542	0.125	1.0	0.2222222222222222	90
0.9450083143897742	0.9407041938880998	0.6300566812967087	0.6264829995655427	0.5492929292929293	-0.624764550570106	7.0	0.0	4.0	0.0	1.0	-0.32734840841030916	1.1529292929292931	0.898989898989899	0.6450505050505051	0.7725919128693575	0.0	0.0	0.0	81
0.9450083143897742	0.9407041938880998	0.6985282341967893	0.6945661817920515	0.5890909090909091	-0.3280386661704617	8.0	0.0	4.0	0.0	2.0	-0.1474268090101128	0.9818181818181818	0.8484848484848485	0.7151515151515151	0.7725919128693575	0.0	0.0	0.0	80
1.344073735825258	1.3184101303266593	0.741102677778689	0.7285319815148913	0.7711111111111111	0.44469600227406786	14.0	0.0	9.0	0.0	2.0	-0.7186324466409879	0.6006060606060606	0.9191919191919192	1.2377777777777779	1.7383318039560542	0.0	0.0	0.0	93
1.2100396725572446	1.1934377579838085	0.6042036463680883	0.5963870891541063	0.6743434343434344	-0.028135905600542948	11.0	0.0	7.0	0.0	1.0	-0.8495749326610657	0.8955555555555555	0.8787878787878788	0.8620202020202019	1.3520358475213754	0.0	0.0	0.0	78
0.8277465128678779	0.8267906928265433	0.6762060082993161	0.6742857153874149	0.5333333333333334	-0.32064484255618153	5.0	0.0	3.0	0.0	1.0	0.027997160903053424	0.8054545454545454	0.696969696969697	0.5884848484848485	0.579443934652018	0.0	0.0	0.0	76
1.0448862968084678	1.0367645284728637	0.6914993246736951	0.6857717273581958	0.635959595959596	-0.4546789755353337	7.0	0.0	5.0	0.0	1.0	-0.3525082756068833	1.2345454545454546	1.0202020202020203	0.8058585858585858	0.9657398910866968	0.0	0.0	0.0	93
1.344073735825258	1.3184101303266593	0.973581761619172	0.9570677197997975	0.821818181818182	0.3099054575137603	23.0	0.0	9.0	0.0	5.0	-0.161184850008948	1.182020202020202	1.4040404040404042	1.626060606060606	1.7383318039560542	0.0	0.0	0.0	71
1.1322512091154782	1.119995944426637	0.6605287753646607	0.6534628354957823	0.6123232323232324	-0.2279657629101574	12.0	0.0	6.0	0.0	2.0	-0.5834355284986491	1.1016161616161615	0.9797979797979798	0.857979797979798	1.158887869304036	0.0	0.0	0.0	78
1.1322512091154782	1.119995944426637	1.1818597042609036	1.1692168794284084	0.8212121212121212	-0.20830702382006078	13.0	0.0	6.0	0.0	3.0	0.7295436712739645	1.7577777777777779	1.6464646464646466	1.5351515151515154	1.158887869304036	0.0	0.0	0.0	65
0.683750117678692	0.6854202331140761	0.8087044342608464	0.8089010695230784	0.5339393939393939	0.06870969629053601	4.0	0.0	2.0	0.0	1.0	0.7057750738928376	0.5272727272727273	0.5454545454545454	0.5636363636363637	0.38629595643467873	0.0	0.0	0.0	74
0.8277465128678779	0.8267906928265433	0.61306559145846	0.611324604990787	0.48161616161616166	-0.7218987237438048	5.0	0.0	3.0	0.0	1.0	-0.14216593102422503	1.022020202020202	0.7777777777777777	0.5335353535353535	0.579443934652018	0.0	0.0	0.0	83
1.0448862968084678	1.0367645284728637	0.6693103265392671	0.6637665177563283	0.6290909090909091	-0.038139895214556956	9.0	0.0	5.0	0.0	1.0	-0.4095216049491556	0.815959595959596	0.797979797979798	0.7799999999999999	0.9657398910866968	0.0	0.0	0.0	110
1.5070406700472805	1.4674825756639511	1.0260319737395998	1.003383227303687	0.8690909090909092	0.20110188709290852	26.0	0.0	12.0	0.0	3.0	-0.28562396105395665	1.7092929292929295	1.8888888888888893	2.068484848484849	2.317775738608072	0.0	0.0	0.0	68
0.9450083143897742	0.9407041938880998	0.7699596524960091	0.7655924410600523	0.616161616161616	-0.2475200844740757	6.0	0.0	4.0	0.0	1.0	0.04027238114225379	0.9894949494949494	0.888888888888889	0.7882828282828283	0.7725919128693575	0.0	0.0	0.0	86
1.344073735825258	1.3184101303266593	0.6422809236175678	0.6313864569681855	0.6602020202020202	0.11561532081951045	10.0	0.0	9.0	0.0	2.0	-0.9555911804850966	0.9070707070707071	0.9898989898989898	1.0727272727272728	1.7383318039560542	0.25	2.0	0.4444444444444444	90
0.9450083143897742	0.9407041938880998	0.7005014777962153	0.696528233153046	0.6032323232323232	-0.024851414103822998	8.0	0.0	4.0	0.0	1.0	-0.1422417485086662	0.7373737373737373	0.7272727272727273	0.7171717171717171	0.7725919128693575	0.0	0.0	0.0	86
1.344073735825258	1.3184101303266593	0.9042734811610053	0.8889350569292195	0.7406060606060606	0.529010589896101	14.0	0.0	9.0	0.0	2.0	-0.32737500238676187	0.7523232323232323	1.1313131313131315	1.5103030303030305	1.7383318039560542	0.0	0.0	0.0	88
1.1322512091154782	1.119995944426637	0.9476340542257777	0.937496834630516	0.7418181818181818	-0.13496480490700885	13.0	0.0	6.0	0.0	3.0	0.13964311194891776	1.3751515151515152	1.3030303030303032	1.230909090909091	1.158887869304036	0.0	0.0	0.0	74
1.1322512091154782	1.119995944426637	0.9899377572865706	0.9793479980999892	0.7915151515151516	-0.29677134972549474	11.0	0.0	6.0	0.0	2.0	0.24618557684693393	1.603030303030303	1.4444444444444442	1.2858585858585858	1.158887869304036	0.0	0.0	0.0	92
0.8277465128678779	0.8267906928265433	1.08870792273388	1.0856162050006783	0.6832323232323234	0.2925809550326422	6.0	0.0	3.0	0.0	1.0	1.1396876548544272	0.7494949494949495	0.8484848484848485	0.9474747474747475	0.579443934652018	0.0	0.0	0.0	100
1.280192013892186	1.2591029260400894	0.6389797683568578	0.6293823468520212	0.6937373737373739	0.3855474395768976	13.0	0.0	8.0	0.0	1.0	-0.8708126987825404	0.48424242424242425	0.7373737373737375	0.9905050505050506	1.545183825738715	0.0	0.0	0.0	98
1.1322512091154782	1.119995944426637	0.5995616738946944	0.5931479234368356	0.6036363636363636	0.039695530855002575	9.0	0.0	6.0	0.0	1.0	-0.7369820220281432	0.7363636363636363	0.7575757575757576	0.7787878787878788	1.158887869304036	0.0	0.0	0.0	87
1.0448862968084678	1.0367645284728637	1.0298815462237207	1.0213511737866736	0.756969696969697	0.21041223090277886	10.0	0.0	5.0	0.0	3.0	0.5169449968627677	1.001818181818182	1.101010101010101	1.20020202020202	0.9657398910866968	0.0	0.0	0.0	85
1.1322512091154782	1.119995944426637	0.8902441041175697	0.8807208077178852	0.7365656565656566	0.19809960160020354	13.0	0.0	6.0	0.0	5.0	-0.004894276092876328	0.9446464646464646	1.0505050505050504	1.1563636363636365	1.158887869304036	0.0	0.0	0.0	108
0.8277465128678779	0.8267906928265433	0.7089368861469658	0.706923643938608	0.5567676767676767	-0.20659798049243722	5.0	0.0	3.0	0.0	1.0	0.11620670488006159	0.7567676767676768	0.6868686868686869	0.616969696969697	0.579443934652018	0.0	0.0	0.0	73
0.9450083143897742	0.9407041938880998	0.6505784147307386	0.6468883337198853	0.5816161616161616	-0.17545098357298927	6.0	0.0	4.0	0.0	1.0	-0.2734237791952649	0.8086868686868687	0.7373737373737373	0.666060606060606	0.7725919128693575	0.0	0.0	0.0	86
1.280192013892186	1.2591029260400894	0.8506263406210911	0.8378500056910345	0.782828282828283	-0.0070770878773092506	15.0	0.0	8.0	0.0	3.0	-0.35574533608554126	1.3278787878787879	1.323232323232323	1.3185858585858585	1.545183825738715	0.0	0.0	0.0	93
1.280192013892186	1.2591029260400894	0.6895455750308249	0.6791886594317855	0.7185858585858587	0.07415557297528548	16.0	0.0	8.0	0.0	3.0	-0.7477547328179863	0.9715151515151516	1.02020202020202	1.068888888888889	1.545183825738715	0.0	0.0	0.0	87
0.9450083143897742	0.9407041938880998	1.1431000171474581	1.1366163534241116	0.6957575757575759	0.2201835289598704	6.0	0.0	4.0	0.0	1.0	1.020767321965804	0.9913131313131314	1.0808080808080809	1.1703030303030304	0.7725919128693575	0.0	0.0	0.0	79
1.344073735825258	1.3184101303266593	0.7979524017147072	0.784417411792678	0.767878787878788	-0.21233740628558845	17.0	0.0	9.0	0.0	4.0	-0.5823159167673881	1.636969696969697	1.4848484848484849	1.3327272727272728	1.7383318039560542	0.0	0.0	0.0	75
1.0448862968084678	1.0367645284728637	0.7495720932286432	0.7433634868630832	0.6709090909090909	-0.11827652897997366	8.0	0.0	5.0	0.0	1.0	-0.20329370271890523	0.9850505050505051	0.9292929292929293	0.8735353535353535	0.9657398910866968	0.0	0.0	0.0	89
1.4026911725731355	1.3724055377271644	0.704995385724226	0.6917573527171171	0.7141414141414143	0.5828481406756293	20.0	0.0	10.0	0.0	4.0	-0.888363336354408	0.3559595959595959	0.8080808080808082	1.26020202020202	1.9314797821733936	0.0	0.0	0.0	113
0.683750117678692	0.6854202331140761	0.7081236318635296	0.7082958110555126	0.4701010101010101	-0.9978174783525554	3.0	0.0	2.0	0.0	0.0	0.42678876521849435	1.0216161616161616	0.7575757575757576	0.49353535353535355	0.38629595643467873	0.0	0.0	0.0	109
0.9450083143897742	0.9407041938880998	0.769565003776124	0.7652000307878536	0.6351515151515152	0.3479197974535201	7.0	0.0	4.0	0.0	1.0	0.03923536904196474	0.5050505050505051	0.6464646464646464	0.787878787878788	0.7725919128693575	0.0	0.0	0.0	107
1.2100396725572446	1.1934377579838085	0.7736978494856421	0.7636885528797838	0.7393939393939394	-0.04610220676715434	16.0	0.0	7.0	0.0	3.0	-0.4303175733898477	1.1587878787878787	1.1313131313131313	1.1038383838383838	1.3520358475213754	0.0	0.0	0.0	78
